"variable","MD","PLOT_DATE","clim_mean","clim_sd","clim_max","value","rec_all_val","rec_all_date","value_record","MONTH","AES","NAME","por_start","por_end"
"BUI","04-01",2001-04-01,4.5,NA,4.5,NA,120,2010-06-16,NA,4,"707DBD4","LA+TUQUE",1994,2026
"BUI","04-02",2001-04-02,6.8,NA,6.8,NA,120,2010-06-16,NA,4,"707DBD4","LA+TUQUE",1994,2026
"BUI","04-03",2001-04-03,9.8,NA,9.8,NA,120,2010-06-16,NA,4,"707DBD4","LA+TUQUE",1994,2026
"BUI","04-04",2001-04-04,12,NA,12,NA,120,2010-06-16,NA,4,"707DBD4","LA+TUQUE",1994,2026
"BUI","04-05",2001-04-05,12.2,NA,12.2,NA,120,2010-06-16,NA,4,"707DBD4","LA+TUQUE",1994,2026
"BUI","04-06",2001-04-06,7.2,NA,7.2,NA,120,2010-06-16,NA,4,"707DBD4","LA+TUQUE",1994,2026
"BUI","04-07",2001-04-07,7.6,NA,7.6,NA,120,2010-06-16,NA,4,"707DBD4","LA+TUQUE",1994,2026
"BUI","04-08",2001-04-08,7.1,NA,9.1,NA,120,2010-06-16,NA,4,"707DBD4","LA+TUQUE",1994,2026
"BUI","04-09",2001-04-09,NA,NA,11.8,NA,120,2010-06-16,NA,4,"707DBD4","LA+TUQUE",1994,2026
"BUI","04-10",2001-04-10,1.2,NA,13.9,NA,120,2010-06-16,NA,4,"707DBD4","LA+TUQUE",1994,2026
"BUI","04-11",2001-04-11,2.7,NA,14.1,NA,120,2010-06-16,NA,4,"707DBD4","LA+TUQUE",1994,2026
"BUI","04-12",2001-04-12,5.6,2.54558441227157,16.1,NA,120,2010-06-16,NA,4,"707DBD4","LA+TUQUE",1994,2026
"BUI","04-13",2001-04-13,7.45,2.89913780286484,18.2,NA,120,2010-06-16,NA,4,"707DBD4","LA+TUQUE",1994,2026
"BUI","04-14",2001-04-14,9.7,3.25269119345812,20.7,NA,120,2010-06-16,NA,4,"707DBD4","LA+TUQUE",1994,2026
"BUI","04-15",2001-04-15,11.35,3.7476659402887,23.6,NA,120,2010-06-16,NA,4,"707DBD4","LA+TUQUE",1994,2026
"BUI","04-16",2001-04-16,12.5333333333333,3.2654759734736,25.6,NA,120,2010-06-16,NA,4,"707DBD4","LA+TUQUE",1994,2026
"BUI","04-17",2001-04-17,8.875,5.92079668062781,17,4.2,120,2010-06-16,NA,4,"707DBD4","LA+TUQUE",1994,2026
"BUI","04-18",2001-04-18,9.075,6.71037753533038,27.6,6.1,120,2010-06-16,NA,4,"707DBD4","LA+TUQUE",1994,2026
"BUI","04-19",2001-04-19,10.7,7.01712191713953,29.6,4.3,120,2010-06-16,NA,4,"707DBD4","LA+TUQUE",1994,2026
"BUI","04-20",2001-04-20,12.125,6.45671485096459,24,4.4,120,2010-06-16,NA,4,"707DBD4","LA+TUQUE",1994,2026
"BUI","04-21",2001-04-21,8.94,1.6379865689315,10.9,NA,120,2010-06-16,NA,4,"707DBD4","LA+TUQUE",1994,2026
"BUI","04-22",2001-04-22,7.66,3.52888084242016,13.2,NA,120,2010-06-16,NA,4,"707DBD4","LA+TUQUE",1994,2026
"BUI","04-23",2001-04-23,7.825,6.90235467069028,16.4,NA,120,2010-06-16,NA,4,"707DBD4","LA+TUQUE",1994,2026
"BUI","04-24",2001-04-24,7.21666666666667,7.06948843033686,19.1,NA,120,2010-06-16,NA,4,"707DBD4","LA+TUQUE",1994,2026
"BUI","04-25",2001-04-25,5.2,4.18867520822515,25.7,NA,120,2010-06-16,NA,4,"707DBD4","LA+TUQUE",1994,2026
"BUI","04-26",2001-04-26,6.75,5.15664619689969,20.5,NA,120,2010-06-16,NA,4,"707DBD4","LA+TUQUE",1994,2026
"BUI","04-27",2001-04-27,7.64285714285714,5.04475210585454,15.8,NA,120,2010-06-16,NA,4,"707DBD4","LA+TUQUE",1994,2026
"BUI","04-28",2001-04-28,7.6875,6.11472169673906,24.4,NA,120,2010-06-16,NA,4,"707DBD4","LA+TUQUE",1994,2026
"BUI","04-29",2001-04-29,10.1428571428571,7.1182528621512,26.9,NA,120,2010-06-16,NA,4,"707DBD4","LA+TUQUE",1994,2026
"BUI","04-30",2001-04-30,13.1222222222222,9.41379012111723,29.7,NA,120,2010-06-16,NA,4,"707DBD4","LA+TUQUE",1994,2026
"BUI","05-01",2001-05-01,13.6272727272727,10.6543972996215,33.8,NA,120,2010-06-16,NA,5,"707DBD4","LA+TUQUE",1994,2026
"BUI","05-02",2001-05-02,14.4363636363636,11.8806795030649,38.6,NA,120,2010-06-16,NA,5,"707DBD4","LA+TUQUE",1994,2026
"BUI","05-03",2001-05-03,13.4416666666667,12.2562383620701,43.6,NA,120,2010-06-16,NA,5,"707DBD4","LA+TUQUE",1994,2026
"BUI","05-04",2001-05-04,14.1428571428571,13.2170469345588,49,NA,120,2010-06-16,NA,5,"707DBD4","LA+TUQUE",1994,2026
"BUI","05-05",2001-05-05,14.9571428571429,14.7587634611135,52.7,NA,120,2010-06-16,NA,5,"707DBD4","LA+TUQUE",1994,2026
"BUI","05-06",2001-05-06,16.5,15.903313636327,57.1,NA,120,2010-06-16,NA,5,"707DBD4","LA+TUQUE",1994,2026
"BUI","05-07",2001-05-07,16.5133333333333,17.1082631107505,59.5,NA,120,2010-06-16,NA,5,"707DBD4","LA+TUQUE",1994,2026
"BUI","05-08",2001-05-08,17.3333333333333,16.4134816828234,55.3,NA,120,2010-06-16,NA,5,"707DBD4","LA+TUQUE",1994,2026
"BUI","05-09",2001-05-09,16.975,14.9872612574813,55.7,NA,120,2010-06-16,NA,5,"707DBD4","LA+TUQUE",1994,2026
"BUI","05-10",2001-05-10,17.3,14.6815725121177,52.2,NA,120,2010-06-16,NA,5,"707DBD4","LA+TUQUE",1994,2026
"BUI","05-11",2001-05-11,15.8733333333333,11.6620548707989,50,NA,120,2010-06-16,NA,5,"707DBD4","LA+TUQUE",1994,2026
"BUI","05-12",2001-05-12,16.5533333333333,11.6068862975309,51.5,NA,120,2010-06-16,NA,5,"707DBD4","LA+TUQUE",1994,2026
"BUI","05-13",2001-05-13,18.4666666666667,11.2687726969372,53,NA,120,2010-06-16,NA,5,"707DBD4","LA+TUQUE",1994,2026
"BUI","05-14",2001-05-14,18.81875,12.2158486538322,55.7,NA,120,2010-06-16,NA,5,"707DBD4","LA+TUQUE",1994,2026
"BUI","05-15",2001-05-15,19.4625,12.940215093524,60,NA,120,2010-06-16,NA,5,"707DBD4","LA+TUQUE",1994,2026
"BUI","05-16",2001-05-16,19.775,14.290113132279,64.9,NA,120,2010-06-16,NA,5,"707DBD4","LA+TUQUE",1994,2026
"BUI","05-17",2001-05-17,20.2875,15.8571907978683,69.4,NA,120,2010-06-16,NA,5,"707DBD4","LA+TUQUE",1994,2026
"BUI","05-18",2001-05-18,21.60625,16.8786045532996,73.1,NA,120,2010-06-16,NA,5,"707DBD4","LA+TUQUE",1994,2026
"BUI","05-19",2001-05-19,20.0125,12.1133466336379,45.9,NA,120,2010-06-16,NA,5,"707DBD4","LA+TUQUE",1994,2026
"BUI","05-20",2001-05-20,18.975,11.0601084985637,46.9,NA,120,2010-06-16,NA,5,"707DBD4","LA+TUQUE",1994,2026
"BUI","05-21",2001-05-21,20.125,11.6943576138239,49.6,NA,120,2010-06-16,NA,5,"707DBD4","LA+TUQUE",1994,2026
"BUI","05-22",2001-05-22,20.425,12.7197746311272,53,NA,120,2010-06-16,NA,5,"707DBD4","LA+TUQUE",1994,2026
"BUI","05-23",2001-05-23,20.725,14.4484139844713,49.8,NA,120,2010-06-16,NA,5,"707DBD4","LA+TUQUE",1994,2026
"BUI","05-24",2001-05-24,21.29375,14.914130603782,50.2,NA,120,2010-06-16,NA,5,"707DBD4","LA+TUQUE",1994,2026
"BUI","05-25",2001-05-25,22.44375,14.2698735686994,55.2,NA,120,2010-06-16,NA,5,"707DBD4","LA+TUQUE",1994,2026
"BUI","05-26",2001-05-26,22.2,16.3774641911785,60.5,NA,120,2010-06-16,NA,5,"707DBD4","LA+TUQUE",1994,2026
"BUI","05-27",2001-05-27,22.5625,15.7953948985139,64.4,NA,120,2010-06-16,NA,5,"707DBD4","LA+TUQUE",1994,2026
"BUI","05-28",2001-05-28,22.36875,16.4463458454049,68.3,NA,120,2010-06-16,NA,5,"707DBD4","LA+TUQUE",1994,2026
"BUI","05-29",2001-05-29,20.9294117647059,16.2026141681629,70.6,NA,120,2010-06-16,NA,5,"707DBD4","LA+TUQUE",1994,2026
"BUI","05-30",2001-05-30,20.9411764705882,17.4079026171854,74.5,NA,120,2010-06-16,NA,5,"707DBD4","LA+TUQUE",1994,2026
"BUI","05-31",2001-05-31,21.1,17.5358561239536,77.7,NA,120,2010-06-16,NA,5,"707DBD4","LA+TUQUE",1994,2026
"BUI","06-01",2001-06-01,20.8294117647059,16.9077927560741,78.5,NA,120,2010-06-16,NA,6,"707DBD4","LA+TUQUE",1994,2026
"BUI","06-02",2001-06-02,20.6588235294118,17.5156736533144,79.2,NA,120,2010-06-16,NA,6,"707DBD4","LA+TUQUE",1994,2026
"BUI","06-03",2001-06-03,20.5058823529412,18.8877430688607,81.6,NA,120,2010-06-16,NA,6,"707DBD4","LA+TUQUE",1994,2026
"BUI","06-04",2001-06-04,21.7941176470588,18.4097620363571,85.6,NA,120,2010-06-16,NA,6,"707DBD4","LA+TUQUE",1994,2026
"BUI","06-05",2001-06-05,22.6882352941176,18.0430001092162,86.1,NA,120,2010-06-16,NA,6,"707DBD4","LA+TUQUE",1994,2026
"BUI","06-06",2001-06-06,23.3882352941176,18.5558576449911,86.6,NA,120,2010-06-16,NA,6,"707DBD4","LA+TUQUE",1994,2026
"BUI","06-07",2001-06-07,24.3235294117647,19.1517469637813,88.8,NA,120,2010-06-16,NA,6,"707DBD4","LA+TUQUE",1994,2026
"BUI","06-08",2001-06-08,25.2764705882353,20.2046259991297,90.8,NA,120,2010-06-16,NA,6,"707DBD4","LA+TUQUE",1994,2026
"BUI","06-09",2001-06-09,27.4705882352941,21.3511933128421,94.1,NA,120,2010-06-16,NA,6,"707DBD4","LA+TUQUE",1994,2026
"BUI","06-10",2001-06-10,31.2176470588235,21.4935814632566,96.9,NA,120,2010-06-16,NA,6,"707DBD4","LA+TUQUE",1994,2026
"BUI","06-11",2001-06-11,32.0588235294118,21.6165462905019,101.4,NA,120,2010-06-16,NA,6,"707DBD4","LA+TUQUE",1994,2026
"BUI","06-12",2001-06-12,32.3,22.0605700289,104.5,NA,120,2010-06-16,NA,6,"707DBD4","LA+TUQUE",1994,2026
"BUI","06-13",2001-06-13,31.2764705882353,22.7430629371839,108.2,NA,120,2010-06-16,NA,6,"707DBD4","LA+TUQUE",1994,2026
"BUI","06-14",2001-06-14,29.8823529411765,24.0803404070135,112,NA,120,2010-06-16,NA,6,"707DBD4","LA+TUQUE",1994,2026
"BUI","06-15",2001-06-15,31.6882352941177,24.7527241519227,115.7,NA,120,2010-06-16,NA,6,"707DBD4","LA+TUQUE",1994,2026
"BUI","06-16",2001-06-16,31.3941176470588,25.4591454733912,120,NA,120,2010-06-16,NA,6,"707DBD4","LA+TUQUE",1994,2026
"BUI","06-17",2001-06-17,30.7470588235294,20.669364940869,95.5,NA,120,2010-06-16,NA,6,"707DBD4","LA+TUQUE",1994,2026
"BUI","06-18",2001-06-18,30.6294117647059,22.6509040853197,99.6,NA,120,2010-06-16,NA,6,"707DBD4","LA+TUQUE",1994,2026
"BUI","06-19",2001-06-19,32.1823529411765,24.5734164111881,103.4,NA,120,2010-06-16,NA,6,"707DBD4","LA+TUQUE",1994,2026
"BUI","06-20",2001-06-20,34.2058823529412,21.2411002124488,82.9,NA,120,2010-06-16,NA,6,"707DBD4","LA+TUQUE",1994,2026
"BUI","06-21",2001-06-21,32.9823529411765,22.1721738699129,87,NA,120,2010-06-16,NA,6,"707DBD4","LA+TUQUE",1994,2026
"BUI","06-22",2001-06-22,35.2235294117647,20.3842932613497,91.8,NA,120,2010-06-16,NA,6,"707DBD4","LA+TUQUE",1994,2026
"BUI","06-23",2001-06-23,36.4470588235294,20.6081330318596,95.1,NA,120,2010-06-16,NA,6,"707DBD4","LA+TUQUE",1994,2026
"BUI","06-24",2001-06-24,33.4117647058824,15.4828083027975,70.1,NA,120,2010-06-16,NA,6,"707DBD4","LA+TUQUE",1994,2026
"BUI","06-25",2001-06-25,30.4647058823529,14.6031221480404,66.7,NA,120,2010-06-16,NA,6,"707DBD4","LA+TUQUE",1994,2026
"BUI","06-26",2001-06-26,30.2235294117647,14.7495986984293,68.6,NA,120,2010-06-16,NA,6,"707DBD4","LA+TUQUE",1994,2026
"BUI","06-27",2001-06-27,31.1,15.3534198144908,70.6,NA,120,2010-06-16,NA,6,"707DBD4","LA+TUQUE",1994,2026
"BUI","06-28",2001-06-28,31.1176470588235,17.0835899072076,66.5,NA,120,2010-06-16,NA,6,"707DBD4","LA+TUQUE",1994,2026
"BUI","06-29",2001-06-29,27.7411764705882,16.0471204123797,70.7,NA,120,2010-06-16,NA,6,"707DBD4","LA+TUQUE",1994,2026
"BUI","06-30",2001-06-30,24.6,13.2478771884404,51.4,NA,120,2010-06-16,NA,6,"707DBD4","LA+TUQUE",1994,2026
"BUI","07-01",2001-07-01,24.7647058823529,12.540880211157,54.5,NA,120,2010-06-16,NA,7,"707DBD4","LA+TUQUE",1994,2026
"BUI","07-02",2001-07-02,25.4764705882353,12.7770071520957,49.4,NA,120,2010-06-16,NA,7,"707DBD4","LA+TUQUE",1994,2026
"BUI","07-03",2001-07-03,23.6941176470588,10.3272982059827,42.3,NA,120,2010-06-16,NA,7,"707DBD4","LA+TUQUE",1994,2026
"BUI","07-04",2001-07-04,24.9764705882353,12.5331824276481,47.7,NA,120,2010-06-16,NA,7,"707DBD4","LA+TUQUE",1994,2026
"BUI","07-05",2001-07-05,27.6352941176471,14.3088670575482,51,NA,120,2010-06-16,NA,7,"707DBD4","LA+TUQUE",1994,2026
"BUI","07-06",2001-07-06,28.6470588235294,15.2589775889089,55.3,NA,120,2010-06-16,NA,7,"707DBD4","LA+TUQUE",1994,2026
"BUI","07-07",2001-07-07,27.7705882352941,15.7330370838676,58.8,NA,120,2010-06-16,NA,7,"707DBD4","LA+TUQUE",1994,2026
"BUI","07-08",2001-07-08,26,13.8301753423447,49.4,NA,120,2010-06-16,NA,7,"707DBD4","LA+TUQUE",1994,2026
"BUI","07-09",2001-07-09,26.9176470588235,15.3462631971971,55.1,NA,120,2010-06-16,NA,7,"707DBD4","LA+TUQUE",1994,2026
"BUI","07-10",2001-07-10,26.5882352941177,15.3366343420314,51.1,NA,120,2010-06-16,NA,7,"707DBD4","LA+TUQUE",1994,2026
"BUI","07-11",2001-07-11,28.8647058823529,15.0560594602502,55.4,NA,120,2010-06-16,NA,7,"707DBD4","LA+TUQUE",1994,2026
"BUI","07-12",2001-07-12,30.0941176470588,16.0365001866147,59.5,NA,120,2010-06-16,NA,7,"707DBD4","LA+TUQUE",1994,2026
"BUI","07-13",2001-07-13,30.5411764705882,15.5425648954544,63,NA,120,2010-06-16,NA,7,"707DBD4","LA+TUQUE",1994,2026
"BUI","07-14",2001-07-14,30.8411764705882,14.960199648715,51.3,NA,120,2010-06-16,NA,7,"707DBD4","LA+TUQUE",1994,2026
"BUI","07-15",2001-07-15,31.9764705882353,15.6483836789844,56.7,NA,120,2010-06-16,NA,7,"707DBD4","LA+TUQUE",1994,2026
"BUI","07-16",2001-07-16,31.4,15.7945401959031,61.8,NA,120,2010-06-16,NA,7,"707DBD4","LA+TUQUE",1994,2026
"BUI","07-17",2001-07-17,28.7176470588235,14.2685508765833,66.5,NA,120,2010-06-16,NA,7,"707DBD4","LA+TUQUE",1994,2026
"BUI","07-18",2001-07-18,26.8941176470588,11.8269010410713,55,NA,120,2010-06-16,NA,7,"707DBD4","LA+TUQUE",1994,2026
"BUI","07-19",2001-07-19,26.0176470588235,13.3251282964798,56.3,NA,120,2010-06-16,NA,7,"707DBD4","LA+TUQUE",1994,2026
"BUI","07-20",2001-07-20,26.8117647058824,15.932980039565,60.5,NA,120,2010-06-16,NA,7,"707DBD4","LA+TUQUE",1994,2026
"BUI","07-21",2001-07-21,26.7352941176471,14.1232495011094,52.5,NA,120,2010-06-16,NA,7,"707DBD4","LA+TUQUE",1994,2026
"BUI","07-22",2001-07-22,27.1470588235294,15.3300406737498,58.3,NA,120,2010-06-16,NA,7,"707DBD4","LA+TUQUE",1994,2026
"BUI","07-23",2001-07-23,28.4705882352941,16.9718062056563,60.8,NA,120,2010-06-16,NA,7,"707DBD4","LA+TUQUE",1994,2026
"BUI","07-24",2001-07-24,28.4823529411765,16.0270956232764,55.6,NA,120,2010-06-16,NA,7,"707DBD4","LA+TUQUE",1994,2026
"BUI","07-25",2001-07-25,28.4529411764706,16.6903459238814,59.9,NA,120,2010-06-16,NA,7,"707DBD4","LA+TUQUE",1994,2026
"BUI","07-26",2001-07-26,27.1764705882353,19.9332802560117,64.5,NA,120,2010-06-16,NA,7,"707DBD4","LA+TUQUE",1994,2026
"BUI","07-27",2001-07-27,27.2823529411765,21.038186569133,66.5,NA,120,2010-06-16,NA,7,"707DBD4","LA+TUQUE",1994,2026
"BUI","07-28",2001-07-28,26.7411764705882,18.1510006206107,68.3,NA,120,2010-06-16,NA,7,"707DBD4","LA+TUQUE",1994,2026
"BUI","07-29",2001-07-29,26.4882352941176,18.8440601501156,72.4,NA,120,2010-06-16,NA,7,"707DBD4","LA+TUQUE",1994,2026
"BUI","07-30",2001-07-30,29.5764705882353,19.7004609531022,76.1,NA,120,2010-06-16,NA,7,"707DBD4","LA+TUQUE",1994,2026
"BUI","07-31",2001-07-31,32.3176470588235,20.2729880411756,79.4,NA,120,2010-06-16,NA,7,"707DBD4","LA+TUQUE",1994,2026
"BUI","08-01",2001-08-01,33.1,22.2327742308512,83.9,NA,120,2010-06-16,NA,8,"707DBD4","LA+TUQUE",1994,2026
"BUI","08-02",2001-08-02,34.3117647058824,24.2707355253436,88.7,NA,120,2010-06-16,NA,8,"707DBD4","LA+TUQUE",1994,2026
"BUI","08-03",2001-08-03,32.8705882352941,25.1836197930789,90.6,NA,120,2010-06-16,NA,8,"707DBD4","LA+TUQUE",1994,2026
"BUI","08-04",2001-08-04,32.9882352941176,27.5054058857741,93.5,NA,120,2010-06-16,NA,8,"707DBD4","LA+TUQUE",1994,2026
"BUI","08-05",2001-08-05,32.4764705882353,27.717199746091,96.8,NA,120,2010-06-16,NA,8,"707DBD4","LA+TUQUE",1994,2026
"BUI","08-06",2001-08-06,32.7705882352941,27.7750959653131,98.6,NA,120,2010-06-16,NA,8,"707DBD4","LA+TUQUE",1994,2026
"BUI","08-07",2001-08-07,34.3470588235294,26.4847625448827,100.9,NA,120,2010-06-16,NA,8,"707DBD4","LA+TUQUE",1994,2026
"BUI","08-08",2001-08-08,33.1588235294118,26.0444345979983,103.1,NA,120,2010-06-16,NA,8,"707DBD4","LA+TUQUE",1994,2026
"BUI","08-09",2001-08-09,35.2294117647059,25.7372241293103,97.7,NA,120,2010-06-16,NA,8,"707DBD4","LA+TUQUE",1994,2026
"BUI","08-10",2001-08-10,36.1647058823529,25.6604252979289,99.4,NA,120,2010-06-16,NA,8,"707DBD4","LA+TUQUE",1994,2026
"BUI","08-11",2001-08-11,34.0411764705882,22.1668970207698,76.6,NA,120,2010-06-16,NA,8,"707DBD4","LA+TUQUE",1994,2026
"BUI","08-12",2001-08-12,31.2294117647059,21.9514454166999,76.7,NA,120,2010-06-16,NA,8,"707DBD4","LA+TUQUE",1994,2026
"BUI","08-13",2001-08-13,28.8941176470588,21.9317826050527,73.2,NA,120,2010-06-16,NA,8,"707DBD4","LA+TUQUE",1994,2026
"BUI","08-14",2001-08-14,28.8176470588235,24.3353712549788,77,NA,120,2010-06-16,NA,8,"707DBD4","LA+TUQUE",1994,2026
"BUI","08-15",2001-08-15,27.7470588235294,23.8874998076154,81.5,NA,120,2010-06-16,NA,8,"707DBD4","LA+TUQUE",1994,2026
"BUI","08-16",2001-08-16,28.0529411764706,23.9451226152389,84.4,NA,120,2010-06-16,NA,8,"707DBD4","LA+TUQUE",1994,2026
"BUI","08-17",2001-08-17,27.0823529411765,21.1419676027953,75.1,NA,120,2010-06-16,NA,8,"707DBD4","LA+TUQUE",1994,2026
"BUI","08-18",2001-08-18,25.9764705882353,19.3415527237269,71.9,NA,120,2010-06-16,NA,8,"707DBD4","LA+TUQUE",1994,2026
"BUI","08-19",2001-08-19,28.8235294117647,19.998172710643,75,NA,120,2010-06-16,NA,8,"707DBD4","LA+TUQUE",1994,2026
"BUI","08-20",2001-08-20,30.1117647058824,21.1318445229274,78.8,NA,120,2010-06-16,NA,8,"707DBD4","LA+TUQUE",1994,2026
"BUI","08-21",2001-08-21,30.8588235294118,21.7167291167296,81.3,NA,120,2010-06-16,NA,8,"707DBD4","LA+TUQUE",1994,2026
"BUI","08-22",2001-08-22,28.4294117647059,21.7100427425271,84.7,NA,120,2010-06-16,NA,8,"707DBD4","LA+TUQUE",1994,2026
"BUI","08-23",2001-08-23,27.6882352941176,21.7811811649685,88.4,NA,120,2010-06-16,NA,8,"707DBD4","LA+TUQUE",1994,2026
"BUI","08-24",2001-08-24,27.8941176470588,16.5429165577081,77.2,NA,120,2010-06-16,NA,8,"707DBD4","LA+TUQUE",1994,2026
"BUI","08-25",2001-08-25,28.4411764705882,17.3442374732766,81.5,NA,120,2010-06-16,NA,8,"707DBD4","LA+TUQUE",1994,2026
"BUI","08-26",2001-08-26,30.2294117647059,18.2322778577542,85.4,NA,120,2010-06-16,NA,8,"707DBD4","LA+TUQUE",1994,2026
"BUI","08-27",2001-08-27,30.7235294117647,18.2752404023779,87.9,NA,120,2010-06-16,NA,8,"707DBD4","LA+TUQUE",1994,2026
"BUI","08-28",2001-08-28,31.0117647058824,19.7402153722085,91,NA,120,2010-06-16,NA,8,"707DBD4","LA+TUQUE",1994,2026
"BUI","08-29",2001-08-29,30.1235294117647,15.7317962027451,92.3,NA,120,2010-06-16,NA,8,"707DBD4","LA+TUQUE",1994,2026
"BUI","08-30",2001-08-30,30.6529411764706,16.8559380355655,96,NA,120,2010-06-16,NA,8,"707DBD4","LA+TUQUE",1994,2026
"BUI","08-31",2001-08-31,29.0941176470588,17.2285181671348,98.5,NA,120,2010-06-16,NA,8,"707DBD4","LA+TUQUE",1994,2026
"BUI","09-01",2001-09-01,30.9823529411765,18.6203596667102,100.7,NA,120,2010-06-16,NA,9,"707DBD4","LA+TUQUE",1994,2026
"BUI","09-02",2001-09-02,29.9764705882353,20.0349859437112,102.5,NA,120,2010-06-16,NA,9,"707DBD4","LA+TUQUE",1994,2026
"BUI","09-03",2001-09-03,28.7823529411765,21.2407696215944,104.6,NA,120,2010-06-16,NA,9,"707DBD4","LA+TUQUE",1994,2026
"BUI","09-04",2001-09-04,28.7411764705882,22.4018988822245,108.3,NA,120,2010-06-16,NA,9,"707DBD4","LA+TUQUE",1994,2026
"BUI","09-05",2001-09-05,28.5058823529412,22.1095700599377,110,NA,120,2010-06-16,NA,9,"707DBD4","LA+TUQUE",1994,2026
"BUI","09-06",2001-09-06,27.4705882352941,19.1594547386494,100.7,NA,120,2010-06-16,NA,9,"707DBD4","LA+TUQUE",1994,2026
"BUI","09-07",2001-09-07,24.6705882352941,14.0406892951291,72.8,NA,120,2010-06-16,NA,9,"707DBD4","LA+TUQUE",1994,2026
"BUI","09-08",2001-09-08,17.2882352941176,7.81735907715492,60.3,NA,120,2010-06-16,NA,9,"707DBD4","LA+TUQUE",1994,2026
"BUI","09-09",2001-09-09,15.9941176470588,7.53802614981496,39.2,NA,120,2010-06-16,NA,9,"707DBD4","LA+TUQUE",1994,2026
"BUI","09-10",2001-09-10,16.2470588235294,7.81457913510533,41,NA,120,2010-06-16,NA,9,"707DBD4","LA+TUQUE",1994,2026
"BUI","09-11",2001-09-11,16.4529411764706,8.1026321068418,44.1,NA,120,2010-06-16,NA,9,"707DBD4","LA+TUQUE",1994,2026
"BUI","09-12",2001-09-12,16.5823529411765,8.96550579262805,39.3,NA,120,2010-06-16,NA,9,"707DBD4","LA+TUQUE",1994,2026
"BUI","09-13",2001-09-13,17.0411764705882,6.66849484737086,36.4,NA,120,2010-06-16,NA,9,"707DBD4","LA+TUQUE",1994,2026
"BUI","09-14",2001-09-14,14.0294117647059,7.83938491734861,31.1,NA,120,2010-06-16,NA,9,"707DBD4","LA+TUQUE",1994,2026
"BUI","09-15",2001-09-15,13.3058823529412,8.16666016406304,33.9,NA,120,2010-06-16,NA,9,"707DBD4","LA+TUQUE",1994,2026
"BUI","09-16",2001-09-16,14.1705882352941,9.12227799852389,35.7,NA,120,2010-06-16,NA,9,"707DBD4","LA+TUQUE",1994,2026
"BUI","09-17",2001-09-17,14.3470588235294,9.21623008929484,38.6,NA,120,2010-06-16,NA,9,"707DBD4","LA+TUQUE",1994,2026
"BUI","09-18",2001-09-18,15.5411764705882,9.17156330891369,39.6,NA,120,2010-06-16,NA,9,"707DBD4","LA+TUQUE",1994,2026
"BUI","09-19",2001-09-19,16.2882352941176,9.47489329444804,40.6,NA,120,2010-06-16,NA,9,"707DBD4","LA+TUQUE",1994,2026
"BUI","09-20",2001-09-20,16.0352941176471,9.34437940532105,41.6,NA,120,2010-06-16,NA,9,"707DBD4","LA+TUQUE",1994,2026
"BUI","09-21",2001-09-21,17.0058823529412,9.56814183816764,43.6,NA,120,2010-06-16,NA,9,"707DBD4","LA+TUQUE",1994,2026
"BUI","09-22",2001-09-22,14.5235294117647,8.8872471420967,45.8,NA,120,2010-06-16,NA,9,"707DBD4","LA+TUQUE",1994,2026
"BUI","09-23",2001-09-23,15.0882352941176,9.3735587127396,46.8,NA,120,2010-06-16,NA,9,"707DBD4","LA+TUQUE",1994,2026
"BUI","09-24",2001-09-24,15.3058823529412,9.97549939778927,49.2,NA,120,2010-06-16,NA,9,"707DBD4","LA+TUQUE",1994,2026
"BUI","09-25",2001-09-25,16.1823529411765,10.5065595756959,49.7,NA,120,2010-06-16,NA,9,"707DBD4","LA+TUQUE",1994,2026
"BUI","09-26",2001-09-26,16.5705882352941,11.1262507558635,49,NA,120,2010-06-16,NA,9,"707DBD4","LA+TUQUE",1994,2026
"BUI","09-27",2001-09-27,16.6176470588235,11.8167907706639,50.8,NA,120,2010-06-16,NA,9,"707DBD4","LA+TUQUE",1994,2026
"BUI","09-28",2001-09-28,15.5294117647059,9.14875433500938,33.5,NA,120,2010-06-16,NA,9,"707DBD4","LA+TUQUE",1994,2026
"BUI","09-29",2001-09-29,14.8823529411765,9.95221302613881,34.3,NA,120,2010-06-16,NA,9,"707DBD4","LA+TUQUE",1994,2026
"BUI","09-30",2001-09-30,13.1411764705882,9.20903488588309,33.2,NA,120,2010-06-16,NA,9,"707DBD4","LA+TUQUE",1994,2026
"BUI","10-01",2001-10-01,11.4375,8.41600657477563,36.3,NA,120,2010-06-16,NA,10,"707DBD4","LA+TUQUE",1994,2026
"BUI","10-02",2001-10-02,14.05625,10.9245880929214,38.7,NA,120,2010-06-16,NA,10,"707DBD4","LA+TUQUE",1994,2026
"BUI","10-03",2001-10-03,14.9733333333333,11.5703726737527,41.3,NA,120,2010-06-16,NA,10,"707DBD4","LA+TUQUE",1994,2026
"BUI","10-04",2001-10-04,15.46875,11.6737722409397,43.8,NA,120,2010-06-16,NA,10,"707DBD4","LA+TUQUE",1994,2026
"BUI","10-05",2001-10-05,14.2125,10.2429732011755,45.8,NA,120,2010-06-16,NA,10,"707DBD4","LA+TUQUE",1994,2026
"BUI","10-06",2001-10-06,14.3666666666667,9.96240552324205,47.6,NA,120,2010-06-16,NA,10,"707DBD4","LA+TUQUE",1994,2026
"BUI","10-07",2001-10-07,12.7764705882353,10.1908984768128,37.1,NA,120,2010-06-16,NA,10,"707DBD4","LA+TUQUE",1994,2026
"BUI","10-08",2001-10-08,10.9933333333333,9.18690579549165,38.1,NA,120,2010-06-16,NA,10,"707DBD4","LA+TUQUE",1994,2026
"BUI","10-09",2001-10-09,10.8666666666667,9.59014871526779,38.3,NA,120,2010-06-16,NA,10,"707DBD4","LA+TUQUE",1994,2026
"BUI","10-10",2001-10-10,10.5588235294118,9.23722488247481,31.9,NA,120,2010-06-16,NA,10,"707DBD4","LA+TUQUE",1994,2026
"BUI","10-11",2001-10-11,10.5705882352941,8.20021072182617,26.8,NA,120,2010-06-16,NA,10,"707DBD4","LA+TUQUE",1994,2026
"BUI","10-12",2001-10-12,12.74,8.36009227563565,28.1,NA,120,2010-06-16,NA,10,"707DBD4","LA+TUQUE",1994,2026
"BUI","10-13",2001-10-13,12.3941176470588,8.84826752733517,29.3,NA,120,2010-06-16,NA,10,"707DBD4","LA+TUQUE",1994,2026
"BUI","10-14",2001-10-14,10.5,7.27933719510231,22.3,NA,120,2010-06-16,NA,10,"707DBD4","LA+TUQUE",1994,2026
"BUI","10-15",2001-10-15,8.68235294117647,6.73899429571261,22.8,NA,120,2010-06-16,NA,10,"707DBD4","LA+TUQUE",1994,2026
"BUI","10-16",2001-10-16,7.32352941176471,7.83769173702984,24.4,NA,120,2010-06-16,NA,10,"707DBD4","LA+TUQUE",1994,2026
"BUI","10-17",2001-10-17,7.65,8.25327440847198,25.9,NA,120,2010-06-16,NA,10,"707DBD4","LA+TUQUE",1994,2026
"BUI","10-18",2001-10-18,8.2,8.86284378740819,27.6,NA,120,2010-06-16,NA,10,"707DBD4","LA+TUQUE",1994,2026
"BUI","10-19",2001-10-19,8.38571428571429,9.06768201597614,29.5,NA,120,2010-06-16,NA,10,"707DBD4","LA+TUQUE",1994,2026
"BUI","10-20",2001-10-20,6.5125,7.59525070905058,31,NA,120,2010-06-16,NA,10,"707DBD4","LA+TUQUE",1994,2026
"BUI","10-21",2001-10-21,6.76428571428571,8.21580158015002,31.4,NA,120,2010-06-16,NA,10,"707DBD4","LA+TUQUE",1994,2026
"BUI","10-22",2001-10-22,5.94375,8.38808430652275,31.8,NA,120,2010-06-16,NA,10,"707DBD4","LA+TUQUE",1994,2026
"BUI","10-23",2001-10-23,4.07333333333333,5.0040650142326,19.5,NA,120,2010-06-16,NA,10,"707DBD4","LA+TUQUE",1994,2026
"BUI","10-24",2001-10-24,4.61333333333333,5.41543649034428,16.8,NA,120,2010-06-16,NA,10,"707DBD4","LA+TUQUE",1994,2026
"BUI","10-25",2001-10-25,4.47142857142857,4.61909557771259,16.7,NA,120,2010-06-16,NA,10,"707DBD4","LA+TUQUE",1994,2026
"BUI","10-26",2001-10-26,4.95384615384615,5.02371300013171,17.5,NA,120,2010-06-16,NA,10,"707DBD4","LA+TUQUE",1994,2026
"BUI","10-27",2001-10-27,3.81666666666667,4.00177990702168,17.7,NA,120,2010-06-16,NA,10,"707DBD4","LA+TUQUE",1994,2026
"BUI","10-28",2001-10-28,4.94444444444444,4.43624591042672,18,NA,120,2010-06-16,NA,10,"707DBD4","LA+TUQUE",1994,2026
"BUI","10-29",2001-10-29,4.44545454545455,4.46707144253674,14.3,NA,120,2010-06-16,NA,10,"707DBD4","LA+TUQUE",1994,2026
"BUI","10-30",2001-10-30,4.2,5.30471488394994,19.1,NA,120,2010-06-16,NA,10,"707DBD4","LA+TUQUE",1994,2026
"BUI","10-31",2001-10-31,5.0125,6.49756822643232,18.2,NA,120,2010-06-16,NA,10,"707DBD4","LA+TUQUE",1994,2026
"DC","04-01",2001-04-01,5.3,NA,5.3,NA,444,2019-08-28,NA,4,"707DBD4","LA+TUQUE",1994,2026
"DC","04-02",2001-04-02,9.7,NA,9.7,NA,444,2019-08-28,NA,4,"707DBD4","LA+TUQUE",1994,2026
"DC","04-03",2001-04-03,14.8,NA,14.8,NA,444,2019-08-28,NA,4,"707DBD4","LA+TUQUE",1994,2026
"DC","04-04",2001-04-04,18.5,NA,18.5,NA,444,2019-08-28,NA,4,"707DBD4","LA+TUQUE",1994,2026
"DC","04-05",2001-04-05,20.8,NA,20.8,NA,444,2019-08-28,NA,4,"707DBD4","LA+TUQUE",1994,2026
"DC","04-06",2001-04-06,12.6,NA,12.6,NA,444,2019-08-28,NA,4,"707DBD4","LA+TUQUE",1994,2026
"DC","04-07",2001-04-07,15.5,NA,15.5,NA,444,2019-08-28,NA,4,"707DBD4","LA+TUQUE",1994,2026
"DC","04-08",2001-04-08,17.6,NA,18.6,NA,444,2019-08-28,NA,4,"707DBD4","LA+TUQUE",1994,2026
"DC","04-09",2001-04-09,2.3,NA,23.4,NA,444,2019-08-28,NA,4,"707DBD4","LA+TUQUE",1994,2026
"DC","04-10",2001-04-10,1.5,NA,27.7,NA,444,2019-08-28,NA,4,"707DBD4","LA+TUQUE",1994,2026
"DC","04-11",2001-04-11,13.8,13.717871555019,31.4,NA,444,2019-08-28,NA,4,"707DBD4","LA+TUQUE",1994,2026
"DC","04-12",2001-04-12,10.75,6.01040764008565,35.3,NA,444,2019-08-28,NA,4,"707DBD4","LA+TUQUE",1994,2026
"DC","04-13",2001-04-13,13.65,6.43467170879758,39,NA,444,2019-08-28,NA,4,"707DBD4","LA+TUQUE",1994,2026
"DC","04-14",2001-04-14,17.15,6.85893577750951,43,NA,444,2019-08-28,NA,4,"707DBD4","LA+TUQUE",1994,2026
"DC","04-15",2001-04-15,23.6666666666667,8.08475932439138,47.3,NA,444,2019-08-28,NA,4,"707DBD4","LA+TUQUE",1994,2026
"DC","04-16",2001-04-16,20.775,7.0077932808172,50.4,NA,444,2019-08-28,NA,4,"707DBD4","LA+TUQUE",1994,2026
"DC","04-17",2001-04-17,13.925,14.1730671815713,53,15,444,2019-08-28,NA,4,"707DBD4","LA+TUQUE",1994,2026
"DC","04-18",2001-04-18,15.6,14.4874658469543,55.6,19,444,2019-08-28,NA,4,"707DBD4","LA+TUQUE",1994,2026
"DC","04-19",2001-04-19,18.6,14.6726502945673,59,17.7,444,2019-08-28,NA,4,"707DBD4","LA+TUQUE",1994,2026
"DC","04-20",2001-04-20,20.1,12.5211820528255,58.7,18.2,444,2019-08-28,NA,4,"707DBD4","LA+TUQUE",1994,2026
"DC","04-21",2001-04-21,14.4,6.67495318335642,52.7,NA,444,2019-08-28,NA,4,"707DBD4","LA+TUQUE",1994,2026
"DC","04-22",2001-04-22,12.74,6.95902291992202,53.2,NA,444,2019-08-28,NA,4,"707DBD4","LA+TUQUE",1994,2026
"DC","04-23",2001-04-23,10.7833333333333,9.45143728047045,55.7,NA,444,2019-08-28,NA,4,"707DBD4","LA+TUQUE",1994,2026
"DC","04-24",2001-04-24,12.6166666666667,10.2092931521564,59.5,NA,444,2019-08-28,NA,4,"707DBD4","LA+TUQUE",1994,2026
"DC","04-25",2001-04-25,12.9166666666667,7.56608661506506,63.8,NA,444,2019-08-28,NA,4,"707DBD4","LA+TUQUE",1994,2026
"DC","04-26",2001-04-26,14.7625,6.85501641135891,60.1,NA,444,2019-08-28,NA,4,"707DBD4","LA+TUQUE",1994,2026
"DC","04-27",2001-04-27,14.4625,9.74458640916659,63.4,NA,444,2019-08-28,NA,4,"707DBD4","LA+TUQUE",1994,2026
"DC","04-28",2001-04-28,15.85,11.3169910185652,67.3,NA,444,2019-08-28,NA,4,"707DBD4","LA+TUQUE",1994,2026
"DC","04-29",2001-04-29,22.6444444444444,17.4757053585192,71.6,NA,444,2019-08-28,NA,4,"707DBD4","LA+TUQUE",1994,2026
"DC","04-30",2001-04-30,23.7545454545455,15.7296766423448,75.2,NA,444,2019-08-28,NA,4,"707DBD4","LA+TUQUE",1994,2026
"DC","05-01",2001-05-01,26.8727272727273,17.7429473825005,79.1,NA,444,2019-08-28,NA,5,"707DBD4","LA+TUQUE",1994,2026
"DC","05-02",2001-05-02,28.125,20.4193368692967,83.4,NA,444,2019-08-28,NA,5,"707DBD4","LA+TUQUE",1994,2026
"DC","05-03",2001-05-03,26.9142857142857,20.5776150648767,87.5,NA,444,2019-08-28,NA,5,"707DBD4","LA+TUQUE",1994,2026
"DC","05-04",2001-05-04,30.6071428571429,22.3627253150524,91.6,NA,444,2019-08-28,NA,5,"707DBD4","LA+TUQUE",1994,2026
"DC","05-05",2001-05-05,32.6466666666667,24.2684647423849,91.7,NA,444,2019-08-28,NA,5,"707DBD4","LA+TUQUE",1994,2026
"DC","05-06",2001-05-06,34.74,26.0823914328641,98.9,NA,444,2019-08-28,NA,5,"707DBD4","LA+TUQUE",1994,2026
"DC","05-07",2001-05-07,37.72,27.3834986807749,105.2,NA,444,2019-08-28,NA,5,"707DBD4","LA+TUQUE",1994,2026
"DC","05-08",2001-05-08,41.81875,27.2136049002455,111.3,NA,444,2019-08-28,NA,5,"707DBD4","LA+TUQUE",1994,2026
"DC","05-09",2001-05-09,43.6125,28.9660922459347,117.3,NA,444,2019-08-28,NA,5,"707DBD4","LA+TUQUE",1994,2026
"DC","05-10",2001-05-10,46.59375,28.9990682321576,121,NA,444,2019-08-28,NA,5,"707DBD4","LA+TUQUE",1994,2026
"DC","05-11",2001-05-11,45.79375,26.2065505487973,125.2,NA,444,2019-08-28,NA,5,"707DBD4","LA+TUQUE",1994,2026
"DC","05-12",2001-05-12,48.2125,27.6038372936324,129,NA,444,2019-08-28,NA,5,"707DBD4","LA+TUQUE",1994,2026
"DC","05-13",2001-05-13,53.5733333333333,26.402041768087,133,NA,444,2019-08-28,NA,5,"707DBD4","LA+TUQUE",1994,2026
"DC","05-14",2001-05-14,54.7375,28.4209752354372,138.4,NA,444,2019-08-28,NA,5,"707DBD4","LA+TUQUE",1994,2026
"DC","05-15",2001-05-15,55.95,29.9507595896999,144.7,NA,444,2019-08-28,NA,5,"707DBD4","LA+TUQUE",1994,2026
"DC","05-16",2001-05-16,57.8125,31.8862953842765,151.6,NA,444,2019-08-28,NA,5,"707DBD4","LA+TUQUE",1994,2026
"DC","05-17",2001-05-17,58.40625,34.4493535256227,158.4,NA,444,2019-08-28,NA,5,"707DBD4","LA+TUQUE",1994,2026
"DC","05-18",2001-05-18,61.075,37.4273963828637,165.4,NA,444,2019-08-28,NA,5,"707DBD4","LA+TUQUE",1994,2026
"DC","05-19",2001-05-19,60.35,33.2104401255589,127.8,NA,444,2019-08-28,NA,5,"707DBD4","LA+TUQUE",1994,2026
"DC","05-20",2001-05-20,59.25,32.2976572937832,131.9,NA,444,2019-08-28,NA,5,"707DBD4","LA+TUQUE",1994,2026
"DC","05-21",2001-05-21,62.63125,32.9699604438141,138.5,NA,444,2019-08-28,NA,5,"707DBD4","LA+TUQUE",1994,2026
"DC","05-22",2001-05-22,64.58125,33.6603667785523,145.9,NA,444,2019-08-28,NA,5,"707DBD4","LA+TUQUE",1994,2026
"DC","05-23",2001-05-23,65.1875,36.8872493778903,149.5,NA,444,2019-08-28,NA,5,"707DBD4","LA+TUQUE",1994,2026
"DC","05-24",2001-05-24,66.95625,38.9953667119569,146.8,NA,444,2019-08-28,NA,5,"707DBD4","LA+TUQUE",1994,2026
"DC","05-25",2001-05-25,70.65,35.7577217767948,124.8,NA,444,2019-08-28,NA,5,"707DBD4","LA+TUQUE",1994,2026
"DC","05-26",2001-05-26,70.3125,38.5515045102004,131.1,NA,444,2019-08-28,NA,5,"707DBD4","LA+TUQUE",1994,2026
"DC","05-27",2001-05-27,72.4375,37.1594559522427,134.7,NA,444,2019-08-28,NA,5,"707DBD4","LA+TUQUE",1994,2026
"DC","05-28",2001-05-28,73.6882352941176,35.9168637681685,141.4,NA,444,2019-08-28,NA,5,"707DBD4","LA+TUQUE",1994,2026
"DC","05-29",2001-05-29,73.4764705882353,38.4290991536974,147.3,NA,444,2019-08-28,NA,5,"707DBD4","LA+TUQUE",1994,2026
"DC","05-30",2001-05-30,74.9764705882353,39.6602686799359,151.9,NA,444,2019-08-28,NA,5,"707DBD4","LA+TUQUE",1994,2026
"DC","05-31",2001-05-31,76.0647058823529,39.8890169905275,159.7,NA,444,2019-08-28,NA,5,"707DBD4","LA+TUQUE",1994,2026
"DC","06-01",2001-06-01,74.5352941176471,39.6791655213487,160.3,NA,444,2019-08-28,NA,6,"707DBD4","LA+TUQUE",1994,2026
"DC","06-02",2001-06-02,77.6470588235294,38.9213809757416,167,NA,444,2019-08-28,NA,6,"707DBD4","LA+TUQUE",1994,2026
"DC","06-03",2001-06-03,77.6117647058824,39.4748635582338,173.9,NA,444,2019-08-28,NA,6,"707DBD4","LA+TUQUE",1994,2026
"DC","06-04",2001-06-04,81.3294117647059,38.5293032104443,181.5,NA,444,2019-08-28,NA,6,"707DBD4","LA+TUQUE",1994,2026
"DC","06-05",2001-06-05,86.1235294117647,39.0461350425968,186.8,NA,444,2019-08-28,NA,6,"707DBD4","LA+TUQUE",1994,2026
"DC","06-06",2001-06-06,88.2058823529412,40.7884706533022,192.3,NA,444,2019-08-28,NA,6,"707DBD4","LA+TUQUE",1994,2026
"DC","06-07",2001-06-07,89.4529411764706,45.7469960440992,198.5,NA,444,2019-08-28,NA,6,"707DBD4","LA+TUQUE",1994,2026
"DC","06-08",2001-06-08,93.4764705882353,47.5891601288014,204.7,NA,444,2019-08-28,NA,6,"707DBD4","LA+TUQUE",1994,2026
"DC","06-09",2001-06-09,96.5529411764706,51.9999052600947,211.7,NA,444,2019-08-28,NA,6,"707DBD4","LA+TUQUE",1994,2026
"DC","06-10",2001-06-10,103.9,52.0878104742367,218.5,NA,444,2019-08-28,NA,6,"707DBD4","LA+TUQUE",1994,2026
"DC","06-11",2001-06-11,108.764705882353,52.3591198022903,226.4,NA,444,2019-08-28,NA,6,"707DBD4","LA+TUQUE",1994,2026
"DC","06-12",2001-06-12,112.505882352941,53.2158866151387,233.7,NA,444,2019-08-28,NA,6,"707DBD4","LA+TUQUE",1994,2026
"DC","06-13",2001-06-13,114.470588235294,52.9702129114312,241.1,NA,444,2019-08-28,NA,6,"707DBD4","LA+TUQUE",1994,2026
"DC","06-14",2001-06-14,113.705882352941,54.4676792991522,248.4,NA,444,2019-08-28,NA,6,"707DBD4","LA+TUQUE",1994,2026
"DC","06-15",2001-06-15,118.676470588235,54.0170057645248,255.3,NA,444,2019-08-28,NA,6,"707DBD4","LA+TUQUE",1994,2026
"DC","06-16",2001-06-16,116.611764705882,52.3825338537683,262.8,NA,444,2019-08-28,NA,6,"707DBD4","LA+TUQUE",1994,2026
"DC","06-17",2001-06-17,121.282352941176,53.1411120895832,265.5,NA,444,2019-08-28,NA,6,"707DBD4","LA+TUQUE",1994,2026
"DC","06-18",2001-06-18,122.782352941176,54.8179057801157,274,NA,444,2019-08-28,NA,6,"707DBD4","LA+TUQUE",1994,2026
"DC","06-19",2001-06-19,123.464705882353,61.6187059785467,282.6,NA,444,2019-08-28,NA,6,"707DBD4","LA+TUQUE",1994,2026
"DC","06-20",2001-06-20,129.952941176471,61.0523762605423,281.4,NA,444,2019-08-28,NA,6,"707DBD4","LA+TUQUE",1994,2026
"DC","06-21",2001-06-21,129.723529411765,63.9703498643294,289,NA,444,2019-08-28,NA,6,"707DBD4","LA+TUQUE",1994,2026
"DC","06-22",2001-06-22,136.594117647059,63.3720311985918,297.1,NA,444,2019-08-28,NA,6,"707DBD4","LA+TUQUE",1994,2026
"DC","06-23",2001-06-23,141.970588235294,63.2037653615855,305.2,NA,444,2019-08-28,NA,6,"707DBD4","LA+TUQUE",1994,2026
"DC","06-24",2001-06-24,140.370588235294,52.1431534900063,250.3,NA,444,2019-08-28,NA,6,"707DBD4","LA+TUQUE",1994,2026
"DC","06-25",2001-06-25,139.752941176471,56.495598475092,257.4,NA,444,2019-08-28,NA,6,"707DBD4","LA+TUQUE",1994,2026
"DC","06-26",2001-06-26,142.829411764706,54.7544834317917,264.3,NA,444,2019-08-28,NA,6,"707DBD4","LA+TUQUE",1994,2026
"DC","06-27",2001-06-27,146.741176470588,56.7894582957912,271.2,NA,444,2019-08-28,NA,6,"707DBD4","LA+TUQUE",1994,2026
"DC","06-28",2001-06-28,148.923529411765,62.5175028433215,277.3,NA,444,2019-08-28,NA,6,"707DBD4","LA+TUQUE",1994,2026
"DC","06-29",2001-06-29,145.423529411765,63.3652362243266,263.9,NA,444,2019-08-28,NA,6,"707DBD4","LA+TUQUE",1994,2026
"DC","06-30",2001-06-30,142.823529411765,62.6174848725554,262.4,NA,444,2019-08-28,NA,6,"707DBD4","LA+TUQUE",1994,2026
"DC","07-01",2001-07-01,147.547058823529,61.7059065005841,258.2,NA,444,2019-08-28,NA,7,"707DBD4","LA+TUQUE",1994,2026
"DC","07-02",2001-07-02,145.817647058824,73.4120752609382,266.2,NA,444,2019-08-28,NA,7,"707DBD4","LA+TUQUE",1994,2026
"DC","07-03",2001-07-03,144.558823529412,73.5269343406171,275.2,NA,444,2019-08-28,NA,7,"707DBD4","LA+TUQUE",1994,2026
"DC","07-04",2001-07-04,146.170588235294,71.7606504700337,283,NA,444,2019-08-28,NA,7,"707DBD4","LA+TUQUE",1994,2026
"DC","07-05",2001-07-05,149.235294117647,72.2663038799591,292.2,NA,444,2019-08-28,NA,7,"707DBD4","LA+TUQUE",1994,2026
"DC","07-06",2001-07-06,154.452941176471,73.6014530906749,301.5,NA,444,2019-08-28,NA,7,"707DBD4","LA+TUQUE",1994,2026
"DC","07-07",2001-07-07,149.4,73.0246961650646,311.2,NA,444,2019-08-28,NA,7,"707DBD4","LA+TUQUE",1994,2026
"DC","07-08",2001-07-08,148.505882352941,72.1952514936772,320.6,NA,444,2019-08-28,NA,7,"707DBD4","LA+TUQUE",1994,2026
"DC","07-09",2001-07-09,151.094117647059,75.0024538814251,321,NA,444,2019-08-28,NA,7,"707DBD4","LA+TUQUE",1994,2026
"DC","07-10",2001-07-10,150.305882352941,67.3621320790494,281.4,NA,444,2019-08-28,NA,7,"707DBD4","LA+TUQUE",1994,2026
"DC","07-11",2001-07-11,156.070588235294,67.7941716217726,289,NA,444,2019-08-28,NA,7,"707DBD4","LA+TUQUE",1994,2026
"DC","07-12",2001-07-12,155.882352941176,73.9124671088555,297.3,NA,444,2019-08-28,NA,7,"707DBD4","LA+TUQUE",1994,2026
"DC","07-13",2001-07-13,160.852941176471,73.5821404761972,304.5,NA,444,2019-08-28,NA,7,"707DBD4","LA+TUQUE",1994,2026
"DC","07-14",2001-07-14,161.070588235294,78.4367879625521,313.7,NA,444,2019-08-28,NA,7,"707DBD4","LA+TUQUE",1994,2026
"DC","07-15",2001-07-15,163.935294117647,81.269658707728,322.6,NA,444,2019-08-28,NA,7,"707DBD4","LA+TUQUE",1994,2026
"DC","07-16",2001-07-16,163.594117647059,79.0443741719504,319.9,NA,444,2019-08-28,NA,7,"707DBD4","LA+TUQUE",1994,2026
"DC","07-17",2001-07-17,165.276470588235,73.5877837128195,277.8,NA,444,2019-08-28,NA,7,"707DBD4","LA+TUQUE",1994,2026
"DC","07-18",2001-07-18,167.735294117647,69.8025603145801,276.3,NA,444,2019-08-28,NA,7,"707DBD4","LA+TUQUE",1994,2026
"DC","07-19",2001-07-19,166.423529411765,78.6453473624772,278.8,NA,444,2019-08-28,NA,7,"707DBD4","LA+TUQUE",1994,2026
"DC","07-20",2001-07-20,165.329411764706,82.2406815747678,286.8,NA,444,2019-08-28,NA,7,"707DBD4","LA+TUQUE",1994,2026
"DC","07-21",2001-07-21,167.352941176471,87.0212985254692,294.9,NA,444,2019-08-28,NA,7,"707DBD4","LA+TUQUE",1994,2026
"DC","07-22",2001-07-22,167.305882352941,93.8574815251043,298.8,NA,444,2019-08-28,NA,7,"707DBD4","LA+TUQUE",1994,2026
"DC","07-23",2001-07-23,167.835294117647,91.8081555553241,306.8,NA,444,2019-08-28,NA,7,"707DBD4","LA+TUQUE",1994,2026
"DC","07-24",2001-07-24,171.117647058824,91.2654181172565,314.5,NA,444,2019-08-28,NA,7,"707DBD4","LA+TUQUE",1994,2026
"DC","07-25",2001-07-25,173.405882352941,89.9088112380277,321.8,NA,444,2019-08-28,NA,7,"707DBD4","LA+TUQUE",1994,2026
"DC","07-26",2001-07-26,163.552941176471,93.0190579777006,329.7,NA,444,2019-08-28,NA,7,"707DBD4","LA+TUQUE",1994,2026
"DC","07-27",2001-07-27,161.864705882353,99.0246682724592,338.5,NA,444,2019-08-28,NA,7,"707DBD4","LA+TUQUE",1994,2026
"DC","07-28",2001-07-28,161.241176470588,101.346078234579,346.4,NA,444,2019-08-28,NA,7,"707DBD4","LA+TUQUE",1994,2026
"DC","07-29",2001-07-29,160.835294117647,96.3032381411476,336,NA,444,2019-08-28,NA,7,"707DBD4","LA+TUQUE",1994,2026
"DC","07-30",2001-07-30,168.288235294118,97.1759414821445,342.8,NA,444,2019-08-28,NA,7,"707DBD4","LA+TUQUE",1994,2026
"DC","07-31",2001-07-31,175.3,97.1900329251925,350.4,NA,444,2019-08-28,NA,7,"707DBD4","LA+TUQUE",1994,2026
"DC","08-01",2001-08-01,179.247058823529,98.7550385907414,358,NA,444,2019-08-28,NA,8,"707DBD4","LA+TUQUE",1994,2026
"DC","08-02",2001-08-02,181.635294117647,101.205502204527,365.6,NA,444,2019-08-28,NA,8,"707DBD4","LA+TUQUE",1994,2026
"DC","08-03",2001-08-03,177.047058823529,98.927764793605,331.5,NA,444,2019-08-28,NA,8,"707DBD4","LA+TUQUE",1994,2026
"DC","08-04",2001-08-04,176.152941176471,99.644500084344,316.9,NA,444,2019-08-28,NA,8,"707DBD4","LA+TUQUE",1994,2026
"DC","08-05",2001-08-05,172.964705882353,105.324539763868,324,NA,444,2019-08-28,NA,8,"707DBD4","LA+TUQUE",1994,2026
"DC","08-06",2001-08-06,176.382352941176,106.270528812638,330.8,NA,444,2019-08-28,NA,8,"707DBD4","LA+TUQUE",1994,2026
"DC","08-07",2001-08-07,182.641176470588,106.264581698369,338.2,NA,444,2019-08-28,NA,8,"707DBD4","LA+TUQUE",1994,2026
"DC","08-08",2001-08-08,184.188235294118,108.91390454364,345.6,NA,444,2019-08-28,NA,8,"707DBD4","LA+TUQUE",1994,2026
"DC","08-09",2001-08-09,189.847058823529,110.037568116797,352.6,NA,444,2019-08-28,NA,8,"707DBD4","LA+TUQUE",1994,2026
"DC","08-10",2001-08-10,192.764705882353,111.810475477348,358.8,NA,444,2019-08-28,NA,8,"707DBD4","LA+TUQUE",1994,2026
"DC","08-11",2001-08-11,190.417647058823,112.743238352097,352.5,NA,444,2019-08-28,NA,8,"707DBD4","LA+TUQUE",1994,2026
"DC","08-12",2001-08-12,186.405882352941,116.89437791543,352.5,NA,444,2019-08-28,NA,8,"707DBD4","LA+TUQUE",1994,2026
"DC","08-13",2001-08-13,182.105882352941,117.878515168097,352.3,NA,444,2019-08-28,NA,8,"707DBD4","LA+TUQUE",1994,2026
"DC","08-14",2001-08-14,181.717647058824,121.626380954617,358.3,NA,444,2019-08-28,NA,8,"707DBD4","LA+TUQUE",1994,2026
"DC","08-15",2001-08-15,183.129411764706,120.135651269231,362.7,NA,444,2019-08-28,NA,8,"707DBD4","LA+TUQUE",1994,2026
"DC","08-16",2001-08-16,186.8,119.183236027555,370,NA,444,2019-08-28,NA,8,"707DBD4","LA+TUQUE",1994,2026
"DC","08-17",2001-08-17,188.605882352941,117.060184683928,377.9,NA,444,2019-08-28,NA,8,"707DBD4","LA+TUQUE",1994,2026
"DC","08-18",2001-08-18,183.770588235294,118.135746943431,378.8,NA,444,2019-08-28,NA,8,"707DBD4","LA+TUQUE",1994,2026
"DC","08-19",2001-08-19,190.247058823529,118.490722831194,386.5,NA,444,2019-08-28,NA,8,"707DBD4","LA+TUQUE",1994,2026
"DC","08-20",2001-08-20,192.464705882353,117.558708424645,394.5,NA,444,2019-08-28,NA,8,"707DBD4","LA+TUQUE",1994,2026
"DC","08-21",2001-08-21,196.229411764706,119.321067736936,401.3,NA,444,2019-08-28,NA,8,"707DBD4","LA+TUQUE",1994,2026
"DC","08-22",2001-08-22,195.041176470588,122.468338045102,401.6,NA,444,2019-08-28,NA,8,"707DBD4","LA+TUQUE",1994,2026
"DC","08-23",2001-08-23,191.994117647059,118.87859074802,407.8,NA,444,2019-08-28,NA,8,"707DBD4","LA+TUQUE",1994,2026
"DC","08-24",2001-08-24,195.394117647059,115.78669758757,414.7,NA,444,2019-08-28,NA,8,"707DBD4","LA+TUQUE",1994,2026
"DC","08-25",2001-08-25,198.388235294118,117.426827654251,421.9,NA,444,2019-08-28,NA,8,"707DBD4","LA+TUQUE",1994,2026
"DC","08-26",2001-08-26,203.476470588235,118.049663962947,429.1,NA,444,2019-08-28,NA,8,"707DBD4","LA+TUQUE",1994,2026
"DC","08-27",2001-08-27,207.223529411765,115.545946107013,436.5,NA,444,2019-08-28,NA,8,"707DBD4","LA+TUQUE",1994,2026
"DC","08-28",2001-08-28,207.429411764706,116.242681300297,444,NA,444,2019-08-28,NA,8,"707DBD4","LA+TUQUE",1994,2026
"DC","08-29",2001-08-29,206.188235294118,108.469280687857,407.6,NA,444,2019-08-28,NA,8,"707DBD4","LA+TUQUE",1994,2026
"DC","08-30",2001-08-30,210.117647058824,110.221012262262,416,NA,444,2019-08-28,NA,8,"707DBD4","LA+TUQUE",1994,2026
"DC","08-31",2001-08-31,210.494117647059,111.62543656459,424.3,NA,444,2019-08-28,NA,8,"707DBD4","LA+TUQUE",1994,2026
"DC","09-01",2001-09-01,212.929411764706,113.101800188513,432,NA,444,2019-08-28,NA,9,"707DBD4","LA+TUQUE",1994,2026
"DC","09-02",2001-09-02,211.894117647059,110.965549105275,438,NA,444,2019-08-28,NA,9,"707DBD4","LA+TUQUE",1994,2026
"DC","09-03",2001-09-03,210.247058823529,113.771136045391,437.1,NA,444,2019-08-28,NA,9,"707DBD4","LA+TUQUE",1994,2026
"DC","09-04",2001-09-04,208.552941176471,111.094408711955,441.6,NA,444,2019-08-28,NA,9,"707DBD4","LA+TUQUE",1994,2026
"DC","09-05",2001-09-05,210.441176470588,107.74251748279,416.1,NA,444,2019-08-28,NA,9,"707DBD4","LA+TUQUE",1994,2026
"DC","09-06",2001-09-06,209.870588235294,109.857201429321,421.5,NA,444,2019-08-28,NA,9,"707DBD4","LA+TUQUE",1994,2026
"DC","09-07",2001-09-07,209.023529411765,102.58368248296,417.5,NA,444,2019-08-28,NA,9,"707DBD4","LA+TUQUE",1994,2026
"DC","09-08",2001-09-08,186.447058823529,87.405428304304,406.5,NA,444,2019-08-28,NA,9,"707DBD4","LA+TUQUE",1994,2026
"DC","09-09",2001-09-09,175.611764705882,84.3698767507763,387.2,NA,444,2019-08-28,NA,9,"707DBD4","LA+TUQUE",1994,2026
"DC","09-10",2001-09-10,176.858823529412,83.4042269524118,391.6,NA,444,2019-08-28,NA,9,"707DBD4","LA+TUQUE",1994,2026
"DC","09-11",2001-09-11,175.741176470588,81.2279282237914,396.9,NA,444,2019-08-28,NA,9,"707DBD4","LA+TUQUE",1994,2026
"DC","09-12",2001-09-12,175.794117647059,80.854247496562,346,NA,444,2019-08-28,NA,9,"707DBD4","LA+TUQUE",1994,2026
"DC","09-13",2001-09-13,177.647058823529,76.7036596066891,350.6,NA,444,2019-08-28,NA,9,"707DBD4","LA+TUQUE",1994,2026
"DC","09-14",2001-09-14,164.8,75.1545324647822,355,NA,444,2019-08-28,NA,9,"707DBD4","LA+TUQUE",1994,2026
"DC","09-15",2001-09-15,162.688235294118,74.5208685734484,281.9,NA,444,2019-08-28,NA,9,"707DBD4","LA+TUQUE",1994,2026
"DC","09-16",2001-09-16,164.817647058824,75.4104123720169,286.5,NA,444,2019-08-28,NA,9,"707DBD4","LA+TUQUE",1994,2026
"DC","09-17",2001-09-17,163.788235294118,76.0431528997922,273.6,NA,444,2019-08-28,NA,9,"707DBD4","LA+TUQUE",1994,2026
"DC","09-18",2001-09-18,164.723529411765,79.8459417363507,278.6,NA,444,2019-08-28,NA,9,"707DBD4","LA+TUQUE",1994,2026
"DC","09-19",2001-09-19,166.582352941177,80.8107838974332,279,NA,444,2019-08-28,NA,9,"707DBD4","LA+TUQUE",1994,2026
"DC","09-20",2001-09-20,166.482352941176,78.8063309266308,282.4,NA,444,2019-08-28,NA,9,"707DBD4","LA+TUQUE",1994,2026
"DC","09-21",2001-09-21,169.458823529412,77.2840140231433,285.5,NA,444,2019-08-28,NA,9,"707DBD4","LA+TUQUE",1994,2026
"DC","09-22",2001-09-22,152.417647058824,70.2318591816965,272.8,NA,444,2019-08-28,NA,9,"707DBD4","LA+TUQUE",1994,2026
"DC","09-23",2001-09-23,153.564705882353,70.0866066126089,276.4,NA,444,2019-08-28,NA,9,"707DBD4","LA+TUQUE",1994,2026
"DC","09-24",2001-09-24,149.535294117647,61.5832763538169,238.1,NA,444,2019-08-28,NA,9,"707DBD4","LA+TUQUE",1994,2026
"DC","09-25",2001-09-25,146.894117647059,62.0743150444312,242.1,NA,444,2019-08-28,NA,9,"707DBD4","LA+TUQUE",1994,2026
"DC","09-26",2001-09-26,147.611764705882,61.1688429916831,246.4,NA,444,2019-08-28,NA,9,"707DBD4","LA+TUQUE",1994,2026
"DC","09-27",2001-09-27,149.752941176471,62.1750263132942,251.5,NA,444,2019-08-28,NA,9,"707DBD4","LA+TUQUE",1994,2026
"DC","09-28",2001-09-28,145.464705882353,67.0473800865521,256.5,NA,444,2019-08-28,NA,9,"707DBD4","LA+TUQUE",1994,2026
"DC","09-29",2001-09-29,141.270588235294,68.1342770261955,261.8,NA,444,2019-08-28,NA,9,"707DBD4","LA+TUQUE",1994,2026
"DC","09-30",2001-09-30,138.682352941177,69.0276505765454,241.5,NA,444,2019-08-28,NA,9,"707DBD4","LA+TUQUE",1994,2026
"DC","10-01",2001-10-01,137.158823529412,70.5650502977884,244.1,NA,444,2019-08-28,NA,10,"707DBD4","LA+TUQUE",1994,2026
"DC","10-02",2001-10-02,138.917647058824,71.5665881827382,248.3,NA,444,2019-08-28,NA,10,"707DBD4","LA+TUQUE",1994,2026
"DC","10-03",2001-10-03,140.176470588235,72.0463958971211,250.9,NA,444,2019-08-28,NA,10,"707DBD4","LA+TUQUE",1994,2026
"DC","10-04",2001-10-04,142.647058823529,72.071527991703,253.6,NA,444,2019-08-28,NA,10,"707DBD4","LA+TUQUE",1994,2026
"DC","10-05",2001-10-05,136.829411764706,72.2637509812655,256.3,NA,444,2019-08-28,NA,10,"707DBD4","LA+TUQUE",1994,2026
"DC","10-06",2001-10-06,137.294117647059,68.4985261756433,241.6,NA,444,2019-08-28,NA,10,"707DBD4","LA+TUQUE",1994,2026
"DC","10-07",2001-10-07,136.811764705882,68.4501176254736,232,NA,444,2019-08-28,NA,10,"707DBD4","LA+TUQUE",1994,2026
"DC","10-08",2001-10-08,131.770588235294,69.2508552718474,231.1,NA,444,2019-08-28,NA,10,"707DBD4","LA+TUQUE",1994,2026
"DC","10-09",2001-10-09,129.588235294118,70.973656048855,234.2,NA,444,2019-08-28,NA,10,"707DBD4","LA+TUQUE",1994,2026
"DC","10-10",2001-10-10,127.670588235294,69.821395043943,231.7,NA,444,2019-08-28,NA,10,"707DBD4","LA+TUQUE",1994,2026
"DC","10-11",2001-10-11,125.723529411765,69.9625214794657,224.6,NA,444,2019-08-28,NA,10,"707DBD4","LA+TUQUE",1994,2026
"DC","10-12",2001-10-12,127.488235294118,71.251490180495,228.5,NA,444,2019-08-28,NA,10,"707DBD4","LA+TUQUE",1994,2026
"DC","10-13",2001-10-13,123.670588235294,69.3263096225549,233.2,NA,444,2019-08-28,NA,10,"707DBD4","LA+TUQUE",1994,2026
"DC","10-14",2001-10-14,119.582352941176,64.4839440800394,215.1,NA,444,2019-08-28,NA,10,"707DBD4","LA+TUQUE",1994,2026
"DC","10-15",2001-10-15,111.541176470588,67.5344732231578,217.3,NA,444,2019-08-28,NA,10,"707DBD4","LA+TUQUE",1994,2026
"DC","10-16",2001-10-16,104.8,71.4731767868198,219.5,NA,444,2019-08-28,NA,10,"707DBD4","LA+TUQUE",1994,2026
"DC","10-17",2001-10-17,100.576470588235,70.2942701204352,221.7,NA,444,2019-08-28,NA,10,"707DBD4","LA+TUQUE",1994,2026
"DC","10-18",2001-10-18,98.7647058823529,69.3593805946289,224.4,NA,444,2019-08-28,NA,10,"707DBD4","LA+TUQUE",1994,2026
"DC","10-19",2001-10-19,99.9764705882353,69.3535284737893,227.3,NA,444,2019-08-28,NA,10,"707DBD4","LA+TUQUE",1994,2026
"DC","10-20",2001-10-20,95.9882352941177,70.4839687655369,230.1,NA,444,2019-08-28,NA,10,"707DBD4","LA+TUQUE",1994,2026
"DC","10-21",2001-10-21,91.1176470588235,72.9327792841987,231.5,NA,444,2019-08-28,NA,10,"707DBD4","LA+TUQUE",1994,2026
"DC","10-22",2001-10-22,86.3882352941176,73.6717880395283,232.7,NA,444,2019-08-28,NA,10,"707DBD4","LA+TUQUE",1994,2026
"DC","10-23",2001-10-23,84.9529411764706,73.9507785426146,233.3,NA,444,2019-08-28,NA,10,"707DBD4","LA+TUQUE",1994,2026
"DC","10-24",2001-10-24,85.6764705882353,73.9258879673738,234.3,NA,444,2019-08-28,NA,10,"707DBD4","LA+TUQUE",1994,2026
"DC","10-25",2001-10-25,83.4588235294117,73.9993923862177,235,NA,444,2019-08-28,NA,10,"707DBD4","LA+TUQUE",1994,2026
"DC","10-26",2001-10-26,84.2882352941176,74.6609074612757,235.9,NA,444,2019-08-28,NA,10,"707DBD4","LA+TUQUE",1994,2026
"DC","10-27",2001-10-27,80.04375,69.1275725862457,231.5,NA,444,2019-08-28,NA,10,"707DBD4","LA+TUQUE",1994,2026
"DC","10-28",2001-10-28,73.5625,61.7265569534972,196.6,NA,444,2019-08-28,NA,10,"707DBD4","LA+TUQUE",1994,2026
"DC","10-29",2001-10-29,66.9133333333333,62.449017682617,198.7,NA,444,2019-08-28,NA,10,"707DBD4","LA+TUQUE",1994,2026
"DC","10-30",2001-10-30,64.7333333333333,64.6437895223472,200.4,NA,444,2019-08-28,NA,10,"707DBD4","LA+TUQUE",1994,2026
"DC","10-31",2001-10-31,63.28,65.5141555042005,202.7,NA,444,2019-08-28,NA,10,"707DBD4","LA+TUQUE",1994,2026
"DMC","04-01",2001-04-01,4.9,NA,4.9,NA,120.2,2010-06-16,NA,4,"707DBD4","LA+TUQUE",1994,2026
"DMC","04-02",2001-04-02,7.1,NA,7.1,NA,120.2,2010-06-16,NA,4,"707DBD4","LA+TUQUE",1994,2026
"DMC","04-03",2001-04-03,10.1,NA,10.1,NA,120.2,2010-06-16,NA,4,"707DBD4","LA+TUQUE",1994,2026
"DMC","04-04",2001-04-04,12.3,NA,12.3,NA,120.2,2010-06-16,NA,4,"707DBD4","LA+TUQUE",1994,2026
"DMC","04-05",2001-04-05,12.4,NA,12.4,NA,120.2,2010-06-16,NA,4,"707DBD4","LA+TUQUE",1994,2026
"DMC","04-06",2001-04-06,7.4,NA,7.4,NA,120.2,2010-06-16,NA,4,"707DBD4","LA+TUQUE",1994,2026
"DMC","04-07",2001-04-07,7.7,NA,7.7,NA,120.2,2010-06-16,NA,4,"707DBD4","LA+TUQUE",1994,2026
"DMC","04-08",2001-04-08,7.1,NA,9.2,NA,120.2,2010-06-16,NA,4,"707DBD4","LA+TUQUE",1994,2026
"DMC","04-09",2001-04-09,2.8,NA,11.9,NA,120.2,2010-06-16,NA,4,"707DBD4","LA+TUQUE",1994,2026
"DMC","04-10",2001-04-10,1.7,NA,14,NA,120.2,2010-06-16,NA,4,"707DBD4","LA+TUQUE",1994,2026
"DMC","04-11",2001-04-11,8.5,7.91959594928933,14.2,NA,120.2,2010-06-16,NA,4,"707DBD4","LA+TUQUE",1994,2026
"DMC","04-12",2001-04-12,5.75,2.47487373415292,16.2,NA,120.2,2010-06-16,NA,4,"707DBD4","LA+TUQUE",1994,2026
"DMC","04-13",2001-04-13,7.6,2.82842712474619,18.3,NA,120.2,2010-06-16,NA,4,"707DBD4","LA+TUQUE",1994,2026
"DMC","04-14",2001-04-14,9.9,3.25269119345812,20.8,NA,120.2,2010-06-16,NA,4,"707DBD4","LA+TUQUE",1994,2026
"DMC","04-15",2001-04-15,12.8666666666667,3.51615320106126,23.7,NA,120.2,2010-06-16,NA,4,"707DBD4","LA+TUQUE",1994,2026
"DMC","04-16",2001-04-16,11.325,3.80383578334642,25.7,NA,120.2,2010-06-16,NA,4,"707DBD4","LA+TUQUE",1994,2026
"DMC","04-17",2001-04-17,9.25,5.69122131005288,27,3.2,120.2,2010-06-16,NA,4,"707DBD4","LA+TUQUE",1994,2026
"DMC","04-18",2001-04-18,9.35,6.56988077010027,27.8,5,120.2,2010-06-16,NA,4,"707DBD4","LA+TUQUE",1994,2026
"DMC","04-19",2001-04-19,10.9,6.9392602871872,29.7,3.1,120.2,2010-06-16,NA,4,"707DBD4","LA+TUQUE",1994,2026
"DMC","04-20",2001-04-20,11.04,6.22599389655981,24,3.1,120.2,2010-06-16,NA,4,"707DBD4","LA+TUQUE",1994,2026
"DMC","04-21",2001-04-21,9.18,1.55948709516943,18.5,NA,120.2,2010-06-16,NA,4,"707DBD4","LA+TUQUE",1994,2026
"DMC","04-22",2001-04-22,7.82,3.49027219568904,18.5,NA,120.2,2010-06-16,NA,4,"707DBD4","LA+TUQUE",1994,2026
"DMC","04-23",2001-04-23,6.8,5.78757289370942,20,NA,120.2,2010-06-16,NA,4,"707DBD4","LA+TUQUE",1994,2026
"DMC","04-24",2001-04-24,7.35,7.17823097984455,22.7,NA,120.2,2010-06-16,NA,4,"707DBD4","LA+TUQUE",1994,2026
"DMC","04-25",2001-04-25,6.18333333333333,4.70676817643133,25.7,NA,120.2,2010-06-16,NA,4,"707DBD4","LA+TUQUE",1994,2026
"DMC","04-26",2001-04-26,6.5125,4.58831979829529,17.9,NA,120.2,2010-06-16,NA,4,"707DBD4","LA+TUQUE",1994,2026
"DMC","04-27",2001-04-27,6.7625,5.38302556985514,19.7,NA,120.2,2010-06-16,NA,4,"707DBD4","LA+TUQUE",1994,2026
"DMC","04-28",2001-04-28,7.65,6.21932472218649,22.3,NA,120.2,2010-06-16,NA,4,"707DBD4","LA+TUQUE",1994,2026
"DMC","04-29",2001-04-29,11.0222222222222,8.94745463494755,26.4,NA,120.2,2010-06-16,NA,4,"707DBD4","LA+TUQUE",1994,2026
"DMC","04-30",2001-04-30,12.2,8.79386149538415,29.9,NA,120.2,2010-06-16,NA,4,"707DBD4","LA+TUQUE",1994,2026
"DMC","05-01",2001-05-01,13.4454545454545,10.9371260975051,33.9,NA,120.2,2010-06-16,NA,5,"707DBD4","LA+TUQUE",1994,2026
"DMC","05-02",2001-05-02,13.6916666666667,11.7399441173622,38.8,NA,120.2,2010-06-16,NA,5,"707DBD4","LA+TUQUE",1994,2026
"DMC","05-03",2001-05-03,12.2428571428571,11.6952136354161,43.8,NA,120.2,2010-06-16,NA,5,"707DBD4","LA+TUQUE",1994,2026
"DMC","05-04",2001-05-04,13.7785714285714,13.4862424812746,49.3,NA,120.2,2010-06-16,NA,5,"707DBD4","LA+TUQUE",1994,2026
"DMC","05-05",2001-05-05,13.8333333333333,14.6640798584582,53,NA,120.2,2010-06-16,NA,5,"707DBD4","LA+TUQUE",1994,2026
"DMC","05-06",2001-05-06,14.7533333333333,16.2749968912293,57.3,NA,120.2,2010-06-16,NA,5,"707DBD4","LA+TUQUE",1994,2026
"DMC","05-07",2001-05-07,15.9066666666667,17.5704893283623,59.8,NA,120.2,2010-06-16,NA,5,"707DBD4","LA+TUQUE",1994,2026
"DMC","05-08",2001-05-08,15.95625,16.5642977011805,55.6,NA,120.2,2010-06-16,NA,5,"707DBD4","LA+TUQUE",1994,2026
"DMC","05-09",2001-05-09,16.0125,15.5380339811702,55.9,NA,120.2,2010-06-16,NA,5,"707DBD4","LA+TUQUE",1994,2026
"DMC","05-10",2001-05-10,15.46875,14.805842033918,52.3,NA,120.2,2010-06-16,NA,5,"707DBD4","LA+TUQUE",1994,2026
"DMC","05-11",2001-05-11,14.09375,11.7136085387894,50,NA,120.2,2010-06-16,NA,5,"707DBD4","LA+TUQUE",1994,2026
"DMC","05-12",2001-05-12,14.6,11.5067516412467,51.4,NA,120.2,2010-06-16,NA,5,"707DBD4","LA+TUQUE",1994,2026
"DMC","05-13",2001-05-13,16.7666666666667,11.7963472958289,52.7,NA,120.2,2010-06-16,NA,5,"707DBD4","LA+TUQUE",1994,2026
"DMC","05-14",2001-05-14,16.93125,12.6941833792752,55.7,NA,120.2,2010-06-16,NA,5,"707DBD4","LA+TUQUE",1994,2026
"DMC","05-15",2001-05-15,17.4875,13.4311019652149,60,NA,120.2,2010-06-16,NA,5,"707DBD4","LA+TUQUE",1994,2026
"DMC","05-16",2001-05-16,17.69375,14.9611260160012,65,NA,120.2,2010-06-16,NA,5,"707DBD4","LA+TUQUE",1994,2026
"DMC","05-17",2001-05-17,18.36875,16.4761532221572,69.4,NA,120.2,2010-06-16,NA,5,"707DBD4","LA+TUQUE",1994,2026
"DMC","05-18",2001-05-18,19.575,17.4680470192482,73.2,NA,120.2,2010-06-16,NA,5,"707DBD4","LA+TUQUE",1994,2026
"DMC","05-19",2001-05-19,17.5,11.966898790692,45.9,NA,120.2,2010-06-16,NA,5,"707DBD4","LA+TUQUE",1994,2026
"DMC","05-20",2001-05-20,16.21875,9.98627182686312,47,NA,120.2,2010-06-16,NA,5,"707DBD4","LA+TUQUE",1994,2026
"DMC","05-21",2001-05-21,17.51875,11.0173934455176,44.9,NA,120.2,2010-06-16,NA,5,"707DBD4","LA+TUQUE",1994,2026
"DMC","05-22",2001-05-22,17.64375,12.1653041474515,48.6,NA,120.2,2010-06-16,NA,5,"707DBD4","LA+TUQUE",1994,2026
"DMC","05-23",2001-05-23,17.93125,13.9047099334482,46.1,NA,120.2,2010-06-16,NA,5,"707DBD4","LA+TUQUE",1994,2026
"DMC","05-24",2001-05-24,18.5125,14.4160963278321,50.3,NA,120.2,2010-06-16,NA,5,"707DBD4","LA+TUQUE",1994,2026
"DMC","05-25",2001-05-25,19.51875,14.452922138216,55.4,NA,120.2,2010-06-16,NA,5,"707DBD4","LA+TUQUE",1994,2026
"DMC","05-26",2001-05-26,19.35625,16.7349123590973,60.7,NA,120.2,2010-06-16,NA,5,"707DBD4","LA+TUQUE",1994,2026
"DMC","05-27",2001-05-27,19.4125,15.9831108778402,64.5,NA,120.2,2010-06-16,NA,5,"707DBD4","LA+TUQUE",1994,2026
"DMC","05-28",2001-05-28,18.4294117647059,16.2697481812827,68.5,NA,120.2,2010-06-16,NA,5,"707DBD4","LA+TUQUE",1994,2026
"DMC","05-29",2001-05-29,17.1823529411765,15.9104224996587,70.8,NA,120.2,2010-06-16,NA,5,"707DBD4","LA+TUQUE",1994,2026
"DMC","05-30",2001-05-30,16.9882352941177,17.1767605485195,74.7,NA,120.2,2010-06-16,NA,5,"707DBD4","LA+TUQUE",1994,2026
"DMC","05-31",2001-05-31,17.0411764705882,17.5104989514694,77.9,NA,120.2,2010-06-16,NA,5,"707DBD4","LA+TUQUE",1994,2026
"DMC","06-01",2001-06-01,17,17.2452892118399,78.7,NA,120.2,2010-06-16,NA,6,"707DBD4","LA+TUQUE",1994,2026
"DMC","06-02",2001-06-02,16.9235294117647,17.9818495090106,79.3,NA,120.2,2010-06-16,NA,6,"707DBD4","LA+TUQUE",1994,2026
"DMC","06-03",2001-06-03,16.9294117647059,19.3153683858826,81.8,NA,120.2,2010-06-16,NA,6,"707DBD4","LA+TUQUE",1994,2026
"DMC","06-04",2001-06-04,17.8235294117647,19.2128709922465,85.8,NA,120.2,2010-06-16,NA,6,"707DBD4","LA+TUQUE",1994,2026
"DMC","06-05",2001-06-05,18.2941176470588,18.7321738790588,86.2,NA,120.2,2010-06-16,NA,6,"707DBD4","LA+TUQUE",1994,2026
"DMC","06-06",2001-06-06,18.9294117647059,19.1392843618133,86.7,NA,120.2,2010-06-16,NA,6,"707DBD4","LA+TUQUE",1994,2026
"DMC","06-07",2001-06-07,19.7647058823529,19.6584568690065,89,NA,120.2,2010-06-16,NA,6,"707DBD4","LA+TUQUE",1994,2026
"DMC","06-08",2001-06-08,20.6411764705882,20.7228756095628,90.9,NA,120.2,2010-06-16,NA,6,"707DBD4","LA+TUQUE",1994,2026
"DMC","06-09",2001-06-09,22.8411764705882,21.6315469518343,94.3,NA,120.2,2010-06-16,NA,6,"707DBD4","LA+TUQUE",1994,2026
"DMC","06-10",2001-06-10,26.3764705882353,21.892707958695,97,NA,120.2,2010-06-16,NA,6,"707DBD4","LA+TUQUE",1994,2026
"DMC","06-11",2001-06-11,26.5764705882353,21.8219364806313,101.5,NA,120.2,2010-06-16,NA,6,"707DBD4","LA+TUQUE",1994,2026
"DMC","06-12",2001-06-12,26.5058823529412,22.5042348955767,104.6,NA,120.2,2010-06-16,NA,6,"707DBD4","LA+TUQUE",1994,2026
"DMC","06-13",2001-06-13,25.5294117647059,23.5238646034692,108.4,NA,120.2,2010-06-16,NA,6,"707DBD4","LA+TUQUE",1994,2026
"DMC","06-14",2001-06-14,24.4176470588235,24.9584713898437,112.1,NA,120.2,2010-06-16,NA,6,"707DBD4","LA+TUQUE",1994,2026
"DMC","06-15",2001-06-15,26.1764705882353,25.7300536681272,115.9,NA,120.2,2010-06-16,NA,6,"707DBD4","LA+TUQUE",1994,2026
"DMC","06-16",2001-06-16,25.7058823529412,26.301650865208,120.2,NA,120.2,2010-06-16,NA,6,"707DBD4","LA+TUQUE",1994,2026
"DMC","06-17",2001-06-17,24.1529411764706,19.4683113561198,86.7,NA,120.2,2010-06-16,NA,6,"707DBD4","LA+TUQUE",1994,2026
"DMC","06-18",2001-06-18,24.2647058823529,21.6106149026488,91.3,NA,120.2,2010-06-16,NA,6,"707DBD4","LA+TUQUE",1994,2026
"DMC","06-19",2001-06-19,25.9882352941176,23.405711972533,95.3,NA,120.2,2010-06-16,NA,6,"707DBD4","LA+TUQUE",1994,2026
"DMC","06-20",2001-06-20,27.1705882352941,19.029377443373,68.6,NA,120.2,2010-06-16,NA,6,"707DBD4","LA+TUQUE",1994,2026
"DMC","06-21",2001-06-21,25.8705882352941,20.3125196832484,73.9,NA,120.2,2010-06-16,NA,6,"707DBD4","LA+TUQUE",1994,2026
"DMC","06-22",2001-06-22,27.2470588235294,17.4942889840892,74.8,NA,120.2,2010-06-16,NA,6,"707DBD4","LA+TUQUE",1994,2026
"DMC","06-23",2001-06-23,28.2117647058824,17.84488310248,77.9,NA,120.2,2010-06-16,NA,6,"707DBD4","LA+TUQUE",1994,2026
"DMC","06-24",2001-06-24,25.4470588235294,14.1753358711116,57.7,NA,120.2,2010-06-16,NA,6,"707DBD4","LA+TUQUE",1994,2026
"DMC","06-25",2001-06-25,22.1294117647059,12.080498991447,52.1,NA,120.2,2010-06-16,NA,6,"707DBD4","LA+TUQUE",1994,2026
"DMC","06-26",2001-06-26,22.0882352941177,13.0051856173288,53.5,NA,120.2,2010-06-16,NA,6,"707DBD4","LA+TUQUE",1994,2026
"DMC","06-27",2001-06-27,22.5647058823529,13.2069556094729,55,NA,120.2,2010-06-16,NA,6,"707DBD4","LA+TUQUE",1994,2026
"DMC","06-28",2001-06-28,22.3823529411765,14.5942726477768,58.1,NA,120.2,2010-06-16,NA,6,"707DBD4","LA+TUQUE",1994,2026
"DMC","06-29",2001-06-29,19.6352941176471,14.5318160073195,62.7,NA,120.2,2010-06-16,NA,6,"707DBD4","LA+TUQUE",1994,2026
"DMC","06-30",2001-06-30,16.7176470588235,10.6185707191527,41.5,NA,120.2,2010-06-16,NA,6,"707DBD4","LA+TUQUE",1994,2026
"DMC","07-01",2001-07-01,16.7058823529412,10.200702830457,44.3,NA,120.2,2010-06-16,NA,7,"707DBD4","LA+TUQUE",1994,2026
"DMC","07-02",2001-07-02,16.9588235294118,9.1495258636397,37,NA,120.2,2010-06-16,NA,7,"707DBD4","LA+TUQUE",1994,2026
"DMC","07-03",2001-07-03,15.3823529411765,6.5367456824973,28.5,NA,120.2,2010-06-16,NA,7,"707DBD4","LA+TUQUE",1994,2026
"DMC","07-04",2001-07-04,16.8470588235294,8.495816444511,33.1,NA,120.2,2010-06-16,NA,7,"707DBD4","LA+TUQUE",1994,2026
"DMC","07-05",2001-07-05,19.0823529411765,9.98544160854426,36.8,NA,120.2,2010-06-16,NA,7,"707DBD4","LA+TUQUE",1994,2026
"DMC","07-06",2001-07-06,19.6882352941176,10.8658226996936,40.5,NA,120.2,2010-06-16,NA,7,"707DBD4","LA+TUQUE",1994,2026
"DMC","07-07",2001-07-07,18.8823529411765,11.3877255901979,42.5,NA,120.2,2010-06-16,NA,7,"707DBD4","LA+TUQUE",1994,2026
"DMC","07-08",2001-07-08,17.1588235294118,9.64676492558058,35.5,NA,120.2,2010-06-16,NA,7,"707DBD4","LA+TUQUE",1994,2026
"DMC","07-09",2001-07-09,18.0470588235294,11.0761070353633,40.8,NA,120.2,2010-06-16,NA,7,"707DBD4","LA+TUQUE",1994,2026
"DMC","07-10",2001-07-10,17.8823529411765,11.1403677729978,36.1,NA,120.2,2010-06-16,NA,7,"707DBD4","LA+TUQUE",1994,2026
"DMC","07-11",2001-07-11,19.5294117647059,10.7840023127943,38.8,NA,120.2,2010-06-16,NA,7,"707DBD4","LA+TUQUE",1994,2026
"DMC","07-12",2001-07-12,20.5117647058824,11.7213950936387,42.1,NA,120.2,2010-06-16,NA,7,"707DBD4","LA+TUQUE",1994,2026
"DMC","07-13",2001-07-13,20.9235294117647,11.5684662667402,46.9,NA,120.2,2010-06-16,NA,7,"707DBD4","LA+TUQUE",1994,2026
"DMC","07-14",2001-07-14,21.1352941176471,10.5596485012802,37,NA,120.2,2010-06-16,NA,7,"707DBD4","LA+TUQUE",1994,2026
"DMC","07-15",2001-07-15,21.9529411764706,11.164906943581,42,NA,120.2,2010-06-16,NA,7,"707DBD4","LA+TUQUE",1994,2026
"DMC","07-16",2001-07-16,21.6,11.4862417700482,46.8,NA,120.2,2010-06-16,NA,7,"707DBD4","LA+TUQUE",1994,2026
"DMC","07-17",2001-07-17,19.8,11.4185156653569,51.2,NA,120.2,2010-06-16,NA,7,"707DBD4","LA+TUQUE",1994,2026
"DMC","07-18",2001-07-18,18.2235294117647,9.54381536727874,44.5,NA,120.2,2010-06-16,NA,7,"707DBD4","LA+TUQUE",1994,2026
"DMC","07-19",2001-07-19,17.7235294117647,10.601623072186,45,NA,120.2,2010-06-16,NA,7,"707DBD4","LA+TUQUE",1994,2026
"DMC","07-20",2001-07-20,18.6823529411765,12.7494232856881,49.2,NA,120.2,2010-06-16,NA,7,"707DBD4","LA+TUQUE",1994,2026
"DMC","07-21",2001-07-21,17.8470588235294,9.65699989949381,34.3,NA,120.2,2010-06-16,NA,7,"707DBD4","LA+TUQUE",1994,2026
"DMC","07-22",2001-07-22,17.9294117647059,10.126744584631,39.1,NA,120.2,2010-06-16,NA,7,"707DBD4","LA+TUQUE",1994,2026
"DMC","07-23",2001-07-23,19.0294117647059,11.4642250449977,40.9,NA,120.2,2010-06-16,NA,7,"707DBD4","LA+TUQUE",1994,2026
"DMC","07-24",2001-07-24,19.0176470588235,10.9854583025765,41.4,NA,120.2,2010-06-16,NA,7,"707DBD4","LA+TUQUE",1994,2026
"DMC","07-25",2001-07-25,18.9882352941176,12.1845128315077,45.5,NA,120.2,2010-06-16,NA,7,"707DBD4","LA+TUQUE",1994,2026
"DMC","07-26",2001-07-26,18.4705882352941,14.8258543053125,49.8,NA,120.2,2010-06-16,NA,7,"707DBD4","LA+TUQUE",1994,2026
"DMC","07-27",2001-07-27,18.4941176470588,15.637313971245,51.3,NA,120.2,2010-06-16,NA,7,"707DBD4","LA+TUQUE",1994,2026
"DMC","07-28",2001-07-28,17.7823529411765,12.5457281222593,50.7,NA,120.2,2010-06-16,NA,7,"707DBD4","LA+TUQUE",1994,2026
"DMC","07-29",2001-07-29,18.0705882352941,13.6037111069867,54.4,NA,120.2,2010-06-16,NA,7,"707DBD4","LA+TUQUE",1994,2026
"DMC","07-30",2001-07-30,20.3176470588235,14.4435641071602,57.7,NA,120.2,2010-06-16,NA,7,"707DBD4","LA+TUQUE",1994,2026
"DMC","07-31",2001-07-31,22.4823529411765,15.0804192288426,60.6,NA,120.2,2010-06-16,NA,7,"707DBD4","LA+TUQUE",1994,2026
"DMC","08-01",2001-08-01,22.9529411764706,16.9303026275027,65.1,NA,120.2,2010-06-16,NA,8,"707DBD4","LA+TUQUE",1994,2026
"DMC","08-02",2001-08-02,24.0882352941176,18.6461417709181,69.9,NA,120.2,2010-06-16,NA,8,"707DBD4","LA+TUQUE",1994,2026
"DMC","08-03",2001-08-03,23.2529411764706,19.4739607439992,71.3,NA,120.2,2010-06-16,NA,8,"707DBD4","LA+TUQUE",1994,2026
"DMC","08-04",2001-08-04,23.5764705882353,21.4636474478292,74.1,NA,120.2,2010-06-16,NA,8,"707DBD4","LA+TUQUE",1994,2026
"DMC","08-05",2001-08-05,23.4823529411765,22.1026648646186,77.3,NA,120.2,2010-06-16,NA,8,"707DBD4","LA+TUQUE",1994,2026
"DMC","08-06",2001-08-06,23.2588235294118,21.8096898998911,78.6,NA,120.2,2010-06-16,NA,8,"707DBD4","LA+TUQUE",1994,2026
"DMC","08-07",2001-08-07,24.1176470588235,20.7092139908217,80.4,NA,120.2,2010-06-16,NA,8,"707DBD4","LA+TUQUE",1994,2026
"DMC","08-08",2001-08-08,22.8176470588235,20.1583182363422,82.2,NA,120.2,2010-06-16,NA,8,"707DBD4","LA+TUQUE",1994,2026
"DMC","08-09",2001-08-09,24.1529411764706,19.253412608128,74.8,NA,120.2,2010-06-16,NA,8,"707DBD4","LA+TUQUE",1994,2026
"DMC","08-10",2001-08-10,24.9294117647059,19.4088177353066,76.1,NA,120.2,2010-06-16,NA,8,"707DBD4","LA+TUQUE",1994,2026
"DMC","08-11",2001-08-11,23.0352941176471,15.2193109722677,52.6,NA,120.2,2010-06-16,NA,8,"707DBD4","LA+TUQUE",1994,2026
"DMC","08-12",2001-08-12,21.0117647058824,14.9400419323768,53.8,NA,120.2,2010-06-16,NA,8,"707DBD4","LA+TUQUE",1994,2026
"DMC","08-13",2001-08-13,19.1647058823529,14.8531537550309,53.5,NA,120.2,2010-06-16,NA,8,"707DBD4","LA+TUQUE",1994,2026
"DMC","08-14",2001-08-14,19.2411764705882,16.7201248060357,56.9,NA,120.2,2010-06-16,NA,8,"707DBD4","LA+TUQUE",1994,2026
"DMC","08-15",2001-08-15,18.5823529411765,16.7053597422398,61.1,NA,120.2,2010-06-16,NA,8,"707DBD4","LA+TUQUE",1994,2026
"DMC","08-16",2001-08-16,18.7764705882353,16.9285457663884,63.8,NA,120.2,2010-06-16,NA,8,"707DBD4","LA+TUQUE",1994,2026
"DMC","08-17",2001-08-17,17.7823529411765,14.2638632255658,50,NA,120.2,2010-06-16,NA,8,"707DBD4","LA+TUQUE",1994,2026
"DMC","08-18",2001-08-18,16.6941176470588,12.7536009909082,50.2,NA,120.2,2010-06-16,NA,8,"707DBD4","LA+TUQUE",1994,2026
"DMC","08-19",2001-08-19,18.7,13.2419315056377,52.8,NA,120.2,2010-06-16,NA,8,"707DBD4","LA+TUQUE",1994,2026
"DMC","08-20",2001-08-20,19.8529411764706,14.3228016483795,56.2,NA,120.2,2010-06-16,NA,8,"707DBD4","LA+TUQUE",1994,2026
"DMC","08-21",2001-08-21,20.0941176470588,15.0303638756783,58.2,NA,120.2,2010-06-16,NA,8,"707DBD4","LA+TUQUE",1994,2026
"DMC","08-22",2001-08-22,18.3294117647059,15.1077697190006,61.3,NA,120.2,2010-06-16,NA,8,"707DBD4","LA+TUQUE",1994,2026
"DMC","08-23",2001-08-23,17.8058823529412,15.1438300385105,64.6,NA,120.2,2010-06-16,NA,8,"707DBD4","LA+TUQUE",1994,2026
"DMC","08-24",2001-08-24,17.6117647058824,10.0928119442094,53.9,NA,120.2,2010-06-16,NA,8,"707DBD4","LA+TUQUE",1994,2026
"DMC","08-25",2001-08-25,17.8764705882353,10.8191687187466,57.6,NA,120.2,2010-06-16,NA,8,"707DBD4","LA+TUQUE",1994,2026
"DMC","08-26",2001-08-26,19.1470588235294,11.5866365723114,60.9,NA,120.2,2010-06-16,NA,8,"707DBD4","LA+TUQUE",1994,2026
"DMC","08-27",2001-08-27,19.5,11.8564328530971,63.1,NA,120.2,2010-06-16,NA,8,"707DBD4","LA+TUQUE",1994,2026
"DMC","08-28",2001-08-28,19.7411764705882,12.9315050759535,65.7,NA,120.2,2010-06-16,NA,8,"707DBD4","LA+TUQUE",1994,2026
"DMC","08-29",2001-08-29,19.1294117647059,10.00560872123,66.6,NA,120.2,2010-06-16,NA,8,"707DBD4","LA+TUQUE",1994,2026
"DMC","08-30",2001-08-30,19.3705882352941,10.8707040196278,69.8,NA,120.2,2010-06-16,NA,8,"707DBD4","LA+TUQUE",1994,2026
"DMC","08-31",2001-08-31,18.2294117647059,11.3146345889893,71.9,NA,120.2,2010-06-16,NA,8,"707DBD4","LA+TUQUE",1994,2026
"DMC","09-01",2001-09-01,19.6588235294118,12.3610810016524,73.9,NA,120.2,2010-06-16,NA,9,"707DBD4","LA+TUQUE",1994,2026
"DMC","09-02",2001-09-02,18.9764705882353,13.4637721967027,75.4,NA,120.2,2010-06-16,NA,9,"707DBD4","LA+TUQUE",1994,2026
"DMC","09-03",2001-09-03,18.2823529411765,14.5830910344017,77.2,NA,120.2,2010-06-16,NA,9,"707DBD4","LA+TUQUE",1994,2026
"DMC","09-04",2001-09-04,18.4,15.7045375608453,80.7,NA,120.2,2010-06-16,NA,9,"707DBD4","LA+TUQUE",1994,2026
"DMC","09-05",2001-09-05,18.3470588235294,16.0769290307205,82.2,NA,120.2,2010-06-16,NA,9,"707DBD4","LA+TUQUE",1994,2026
"DMC","09-06",2001-09-06,17.3470588235294,13.1147396870401,71.8,NA,120.2,2010-06-16,NA,9,"707DBD4","LA+TUQUE",1994,2026
"DMC","09-07",2001-09-07,15.3764705882353,9.78113806081408,46.8,NA,120.2,2010-06-16,NA,9,"707DBD4","LA+TUQUE",1994,2026
"DMC","09-08",2001-09-08,10.4117647058824,5.32340144467581,37,NA,120.2,2010-06-16,NA,9,"707DBD4","LA+TUQUE",1994,2026
"DMC","09-09",2001-09-09,9.5,4.64650406219558,22.4,NA,120.2,2010-06-16,NA,9,"707DBD4","LA+TUQUE",1994,2026
"DMC","09-10",2001-09-10,9.6764705882353,4.85238722328566,23.6,NA,120.2,2010-06-16,NA,9,"707DBD4","LA+TUQUE",1994,2026
"DMC","09-11",2001-09-11,9.83529411764706,5.14343527912894,25.6,NA,120.2,2010-06-16,NA,9,"707DBD4","LA+TUQUE",1994,2026
"DMC","09-12",2001-09-12,10.0411764705882,5.8646247560617,23.8,NA,120.2,2010-06-16,NA,9,"707DBD4","LA+TUQUE",1994,2026
"DMC","09-13",2001-09-13,10.2941176470588,4.50436879432558,25.5,NA,120.2,2010-06-16,NA,9,"707DBD4","LA+TUQUE",1994,2026
"DMC","09-14",2001-09-14,8.35882352941177,5.05693321385717,20.6,NA,120.2,2010-06-16,NA,9,"707DBD4","LA+TUQUE",1994,2026
"DMC","09-15",2001-09-15,7.88235294117647,5.37066514666918,22.7,NA,120.2,2010-06-16,NA,9,"707DBD4","LA+TUQUE",1994,2026
"DMC","09-16",2001-09-16,8.45882352941176,6.01820766752127,24.1,NA,120.2,2010-06-16,NA,9,"707DBD4","LA+TUQUE",1994,2026
"DMC","09-17",2001-09-17,8.70588235294118,6.41545697790065,26.4,NA,120.2,2010-06-16,NA,9,"707DBD4","LA+TUQUE",1994,2026
"DMC","09-18",2001-09-18,9.4764705882353,6.35487307227343,27.1,NA,120.2,2010-06-16,NA,9,"707DBD4","LA+TUQUE",1994,2026
"DMC","09-19",2001-09-19,9.90588235294118,6.64082737580899,27.9,NA,120.2,2010-06-16,NA,9,"707DBD4","LA+TUQUE",1994,2026
"DMC","09-20",2001-09-20,9.64117647058823,6.53615510291882,28.6,NA,120.2,2010-06-16,NA,9,"707DBD4","LA+TUQUE",1994,2026
"DMC","09-21",2001-09-21,10.3647058823529,6.757305414926,29.8,NA,120.2,2010-06-16,NA,9,"707DBD4","LA+TUQUE",1994,2026
"DMC","09-22",2001-09-22,8.81176470588236,6.06659731160529,31.6,NA,120.2,2010-06-16,NA,9,"707DBD4","LA+TUQUE",1994,2026
"DMC","09-23",2001-09-23,9.19411764705882,6.52250628480296,32.4,NA,120.2,2010-06-16,NA,9,"707DBD4","LA+TUQUE",1994,2026
"DMC","09-24",2001-09-24,9.46470588235294,7.12082695131599,34.3,NA,120.2,2010-06-16,NA,9,"707DBD4","LA+TUQUE",1994,2026
"DMC","09-25",2001-09-25,10.1058823529412,7.59386846312827,34.5,NA,120.2,2010-06-16,NA,9,"707DBD4","LA+TUQUE",1994,2026
"DMC","09-26",2001-09-26,10.4705882352941,8.10969826086969,35.4,NA,120.2,2010-06-16,NA,9,"707DBD4","LA+TUQUE",1994,2026
"DMC","09-27",2001-09-27,10.5058823529412,8.64967272417252,36.8,NA,120.2,2010-06-16,NA,9,"707DBD4","LA+TUQUE",1994,2026
"DMC","09-28",2001-09-28,9.51176470588235,6.18616221426309,22.4,NA,120.2,2010-06-16,NA,9,"707DBD4","LA+TUQUE",1994,2026
"DMC","09-29",2001-09-29,9.08823529411765,6.63738298888775,23,NA,120.2,2010-06-16,NA,9,"707DBD4","LA+TUQUE",1994,2026
"DMC","09-30",2001-09-30,7.81764705882353,5.82872577135407,20.8,NA,120.2,2010-06-16,NA,9,"707DBD4","LA+TUQUE",1994,2026
"DMC","10-01",2001-10-01,7.61176470588235,6.34181385261161,23.1,NA,120.2,2010-06-16,NA,10,"707DBD4","LA+TUQUE",1994,2026
"DMC","10-02",2001-10-02,8.32352941176471,6.85606751459653,24.9,NA,120.2,2010-06-16,NA,10,"707DBD4","LA+TUQUE",1994,2026
"DMC","10-03",2001-10-03,8.52941176470588,7.32596108932834,26.9,NA,120.2,2010-06-16,NA,10,"707DBD4","LA+TUQUE",1994,2026
"DMC","10-04",2001-10-04,9.02941176470588,7.63706133812954,28.8,NA,120.2,2010-06-16,NA,10,"707DBD4","LA+TUQUE",1994,2026
"DMC","10-05",2001-10-05,8.25882352941176,6.55935008437663,30.3,NA,120.2,2010-06-16,NA,10,"707DBD4","LA+TUQUE",1994,2026
"DMC","10-06",2001-10-06,8.3,6.39980468451968,31.7,NA,120.2,2010-06-16,NA,10,"707DBD4","LA+TUQUE",1994,2026
"DMC","10-07",2001-10-07,7.77647058823529,6.86881807625634,24.6,NA,120.2,2010-06-16,NA,10,"707DBD4","LA+TUQUE",1994,2026
"DMC","10-08",2001-10-08,6.81764705882353,5.95506457711812,25.4,NA,120.2,2010-06-16,NA,10,"707DBD4","LA+TUQUE",1994,2026
"DMC","10-09",2001-10-09,6.73529411764706,6.47870947570488,25.5,NA,120.2,2010-06-16,NA,10,"707DBD4","LA+TUQUE",1994,2026
"DMC","10-10",2001-10-10,6.46470588235294,6.05495057540425,20.2,NA,120.2,2010-06-16,NA,10,"707DBD4","LA+TUQUE",1994,2026
"DMC","10-11",2001-10-11,6.44117647058824,5.41318515565575,19.7,NA,120.2,2010-06-16,NA,10,"707DBD4","LA+TUQUE",1994,2026
"DMC","10-12",2001-10-12,7.24117647058824,5.53997504772465,20.8,NA,120.2,2010-06-16,NA,10,"707DBD4","LA+TUQUE",1994,2026
"DMC","10-13",2001-10-13,7.58823529411765,5.85148296939985,21.8,NA,120.2,2010-06-16,NA,10,"707DBD4","LA+TUQUE",1994,2026
"DMC","10-14",2001-10-14,6.21764705882353,4.4208646346215,14.2,NA,120.2,2010-06-16,NA,10,"707DBD4","LA+TUQUE",1994,2026
"DMC","10-15",2001-10-15,5.02941176470588,3.97378357266132,13.6,NA,120.2,2010-06-16,NA,10,"707DBD4","LA+TUQUE",1994,2026
"DMC","10-16",2001-10-16,4.2,4.6357307945997,14.7,NA,120.2,2010-06-16,NA,10,"707DBD4","LA+TUQUE",1994,2026
"DMC","10-17",2001-10-17,3.81764705882353,4.70441751098338,16,NA,120.2,2010-06-16,NA,10,"707DBD4","LA+TUQUE",1994,2026
"DMC","10-18",2001-10-18,3.95882352941176,4.93445270819488,16.4,NA,120.2,2010-06-16,NA,10,"707DBD4","LA+TUQUE",1994,2026
"DMC","10-19",2001-10-19,4.31176470588235,5.19505562445451,17.6,NA,120.2,2010-06-16,NA,10,"707DBD4","LA+TUQUE",1994,2026
"DMC","10-20",2001-10-20,3.63529411764706,4.42364967765173,18.6,NA,120.2,2010-06-16,NA,10,"707DBD4","LA+TUQUE",1994,2026
"DMC","10-21",2001-10-21,3.35294117647059,4.60626172278818,18.9,NA,120.2,2010-06-16,NA,10,"707DBD4","LA+TUQUE",1994,2026
"DMC","10-22",2001-10-22,3.26470588235294,4.89782364633397,19.2,NA,120.2,2010-06-16,NA,10,"707DBD4","LA+TUQUE",1994,2026
"DMC","10-23",2001-10-23,3.25882352941177,4.95328916270914,19.3,NA,120.2,2010-06-16,NA,10,"707DBD4","LA+TUQUE",1994,2026
"DMC","10-24",2001-10-24,3.6235294117647,5.04585590011307,19.4,NA,120.2,2010-06-16,NA,10,"707DBD4","LA+TUQUE",1994,2026
"DMC","10-25",2001-10-25,3.40588235294118,4.79106859012623,19.5,NA,120.2,2010-06-16,NA,10,"707DBD4","LA+TUQUE",1994,2026
"DMC","10-26",2001-10-26,3.45882352941177,4.90523429913514,19.7,NA,120.2,2010-06-16,NA,10,"707DBD4","LA+TUQUE",1994,2026
"DMC","10-27",2001-10-27,2.8125,2.99774915561659,10.1,NA,120.2,2010-06-16,NA,10,"707DBD4","LA+TUQUE",1994,2026
"DMC","10-28",2001-10-28,2.15625,2.19422537584451,10.4,NA,120.2,2010-06-16,NA,10,"707DBD4","LA+TUQUE",1994,2026
"DMC","10-29",2001-10-29,2.00666666666667,2.3263910329296,10.9,NA,120.2,2010-06-16,NA,10,"707DBD4","LA+TUQUE",1994,2026
"DMC","10-30",2001-10-30,1.94666666666667,2.65864268986657,11,NA,120.2,2010-06-16,NA,10,"707DBD4","LA+TUQUE",1994,2026
"DMC","10-31",2001-10-31,1.89333333333333,2.84992898825484,10.4,NA,120.2,2010-06-16,NA,10,"707DBD4","LA+TUQUE",1994,2026
"FFMC","04-01",2001-04-01,63.1,NA,63.1,NA,96.5,2013-05-08,NA,4,"707DBD4","LA+TUQUE",1994,2026
"FFMC","04-02",2001-04-02,83,NA,83,NA,96.5,2013-05-08,NA,4,"707DBD4","LA+TUQUE",1994,2026
"FFMC","04-03",2001-04-03,89.7,NA,89.7,NA,96.5,2013-05-08,NA,4,"707DBD4","LA+TUQUE",1994,2026
"FFMC","04-04",2001-04-04,90.4,NA,90.4,NA,96.5,2013-05-08,NA,4,"707DBD4","LA+TUQUE",1994,2026
"FFMC","04-05",2001-04-05,72.3,NA,87.7,NA,96.5,2013-05-08,NA,4,"707DBD4","LA+TUQUE",1994,2026
"FFMC","04-06",2001-04-06,50.6,NA,87.6,NA,96.5,2013-05-08,NA,4,"707DBD4","LA+TUQUE",1994,2026
"FFMC","04-07",2001-04-07,58.4,NA,87.6,NA,96.5,2013-05-08,NA,4,"707DBD4","LA+TUQUE",1994,2026
"FFMC","04-08",2001-04-08,63.5,NA,88.5,NA,96.5,2013-05-08,NA,4,"707DBD4","LA+TUQUE",1994,2026
"FFMC","04-09",2001-04-09,16.7,NA,89.8,NA,96.5,2013-05-08,NA,4,"707DBD4","LA+TUQUE",1994,2026
"FFMC","04-10",2001-04-10,41.1,NA,89.8,NA,96.5,2013-05-08,NA,4,"707DBD4","LA+TUQUE",1994,2026
"FFMC","04-11",2001-04-11,76.6,13.5764501987817,86.2,NA,96.5,2013-05-08,NA,4,"707DBD4","LA+TUQUE",1994,2026
"FFMC","04-12",2001-04-12,66.35,18.5969083452062,86.3,NA,96.5,2013-05-08,NA,4,"707DBD4","LA+TUQUE",1994,2026
"FFMC","04-13",2001-04-13,84.4,4.3840620433566,88.6,NA,96.5,2013-05-08,NA,4,"707DBD4","LA+TUQUE",1994,2026
"FFMC","04-14",2001-04-14,90.05,0.212132034355962,90.4,NA,96.5,2013-05-08,NA,4,"707DBD4","LA+TUQUE",1994,2026
"FFMC","04-15",2001-04-15,86.6333333333333,2.57358375292768,91.5,NA,96.5,2013-05-08,NA,4,"707DBD4","LA+TUQUE",1994,2026
"FFMC","04-16",2001-04-16,83.15,4.71769717835584,91.6,NA,96.5,2013-05-08,NA,4,"707DBD4","LA+TUQUE",1994,2026
"FFMC","04-17",2001-04-17,55.125,38.7671145001362,90.4,40.5,96.5,2013-05-08,NA,4,"707DBD4","LA+TUQUE",1994,2026
"FFMC","04-18",2001-04-18,65,27.0043206419516,89.1,74.1,96.5,2013-05-08,NA,4,"707DBD4","LA+TUQUE",1994,2026
"FFMC","04-19",2001-04-19,78.45,12.5863682874238,90,53.1,96.5,2013-05-08,NA,4,"707DBD4","LA+TUQUE",1994,2026
"FFMC","04-20",2001-04-20,85.4,3.24037034920393,88.6,61.4,96.5,2013-05-08,NA,4,"707DBD4","LA+TUQUE",1994,2026
"FFMC","04-21",2001-04-21,70.32,25.9681920818528,89,NA,96.5,2013-05-08,NA,4,"707DBD4","LA+TUQUE",1994,2026
"FFMC","04-22",2001-04-22,60.18,27.247330144438,91.6,NA,96.5,2013-05-08,NA,4,"707DBD4","LA+TUQUE",1994,2026
"FFMC","04-23",2001-04-23,57.1166666666667,35.8990482696501,93.5,NA,96.5,2013-05-08,NA,4,"707DBD4","LA+TUQUE",1994,2026
"FFMC","04-24",2001-04-24,65.2666666666667,27.8701034563323,93.2,NA,96.5,2013-05-08,NA,4,"707DBD4","LA+TUQUE",1994,2026
"FFMC","04-25",2001-04-25,63,14.5230850717057,90.9,NA,96.5,2013-05-08,NA,4,"707DBD4","LA+TUQUE",1994,2026
"FFMC","04-26",2001-04-26,70.775,19.6444648692704,90.7,NA,96.5,2013-05-08,NA,4,"707DBD4","LA+TUQUE",1994,2026
"FFMC","04-27",2001-04-27,65.8125,22.9490390399499,92.4,NA,96.5,2013-05-08,NA,4,"707DBD4","LA+TUQUE",1994,2026
"FFMC","04-28",2001-04-28,70.75,22.2296455855046,90.3,NA,96.5,2013-05-08,NA,4,"707DBD4","LA+TUQUE",1994,2026
"FFMC","04-29",2001-04-29,79.0111111111111,17.7669949938393,93.2,NA,96.5,2013-05-08,NA,4,"707DBD4","LA+TUQUE",1994,2026
"FFMC","04-30",2001-04-30,86.0909090909091,6.17583266377167,93.1,NA,96.5,2013-05-08,NA,4,"707DBD4","LA+TUQUE",1994,2026
"FFMC","05-01",2001-05-01,74.6090909090909,27.7806211070039,95.3,NA,96.5,2013-05-08,NA,5,"707DBD4","LA+TUQUE",1994,2026
"FFMC","05-02",2001-05-02,75.95,23.0112818180364,96.1,NA,96.5,2013-05-08,NA,5,"707DBD4","LA+TUQUE",1994,2026
"FFMC","05-03",2001-05-03,70.6928571428571,24.2056085136582,96.2,NA,96.5,2013-05-08,NA,5,"707DBD4","LA+TUQUE",1994,2026
"FFMC","05-04",2001-05-04,74.6071428571429,22.176406877085,96.3,NA,96.5,2013-05-08,NA,5,"707DBD4","LA+TUQUE",1994,2026
"FFMC","05-05",2001-05-05,70.14,24.3144225277333,95.2,NA,96.5,2013-05-08,NA,5,"707DBD4","LA+TUQUE",1994,2026
"FFMC","05-06",2001-05-06,67.4066666666667,29.9401180135728,96.3,NA,96.5,2013-05-08,NA,5,"707DBD4","LA+TUQUE",1994,2026
"FFMC","05-07",2001-05-07,72.2866666666667,25.8948386105545,96.4,NA,96.5,2013-05-08,NA,5,"707DBD4","LA+TUQUE",1994,2026
"FFMC","05-08",2001-05-08,76.04375,18.1500769052549,96.5,NA,96.5,2013-05-08,NA,5,"707DBD4","LA+TUQUE",1994,2026
"FFMC","05-09",2001-05-09,74.225,22.5846998356557,95.8,NA,96.5,2013-05-08,NA,5,"707DBD4","LA+TUQUE",1994,2026
"FFMC","05-10",2001-05-10,70.5125,18.6960557337637,95.9,NA,96.5,2013-05-08,NA,5,"707DBD4","LA+TUQUE",1994,2026
"FFMC","05-11",2001-05-11,72.06875,19.0753844434828,96,NA,96.5,2013-05-08,NA,5,"707DBD4","LA+TUQUE",1994,2026
"FFMC","05-12",2001-05-12,73.74375,21.3241637194365,94.8,NA,96.5,2013-05-08,NA,5,"707DBD4","LA+TUQUE",1994,2026
"FFMC","05-13",2001-05-13,80.0866666666667,14.3584652316856,96.5,NA,96.5,2013-05-08,NA,5,"707DBD4","LA+TUQUE",1994,2026
"FFMC","05-14",2001-05-14,78.55625,18.0292713385761,94.7,NA,96.5,2013-05-08,NA,5,"707DBD4","LA+TUQUE",1994,2026
"FFMC","05-15",2001-05-15,78.09375,23.1027694948751,94.6,NA,96.5,2013-05-08,NA,5,"707DBD4","LA+TUQUE",1994,2026
"FFMC","05-16",2001-05-16,74.65,23.4728211626411,95.1,NA,96.5,2013-05-08,NA,5,"707DBD4","LA+TUQUE",1994,2026
"FFMC","05-17",2001-05-17,73.71875,22.5361700014296,95.1,NA,96.5,2013-05-08,NA,5,"707DBD4","LA+TUQUE",1994,2026
"FFMC","05-18",2001-05-18,78.69375,13.2507342563849,94.9,NA,96.5,2013-05-08,NA,5,"707DBD4","LA+TUQUE",1994,2026
"FFMC","05-19",2001-05-19,71.825,22.5276570759885,93.6,NA,96.5,2013-05-08,NA,5,"707DBD4","LA+TUQUE",1994,2026
"FFMC","05-20",2001-05-20,70.55625,21.7628419942494,94.8,NA,96.5,2013-05-08,NA,5,"707DBD4","LA+TUQUE",1994,2026
"FFMC","05-21",2001-05-21,75.46875,21.9370529394143,94.8,NA,96.5,2013-05-08,NA,5,"707DBD4","LA+TUQUE",1994,2026
"FFMC","05-22",2001-05-22,75.0875,18.5537372695279,94.7,NA,96.5,2013-05-08,NA,5,"707DBD4","LA+TUQUE",1994,2026
"FFMC","05-23",2001-05-23,71.79375,22.1195680714309,93.6,NA,96.5,2013-05-08,NA,5,"707DBD4","LA+TUQUE",1994,2026
"FFMC","05-24",2001-05-24,74.85,18.1203384810181,93.7,NA,96.5,2013-05-08,NA,5,"707DBD4","LA+TUQUE",1994,2026
"FFMC","05-25",2001-05-25,81.36875,10.4722311376325,92.7,NA,96.5,2013-05-08,NA,5,"707DBD4","LA+TUQUE",1994,2026
"FFMC","05-26",2001-05-26,72.8375,20.9432845243211,93.7,NA,96.5,2013-05-08,NA,5,"707DBD4","LA+TUQUE",1994,2026
"FFMC","05-27",2001-05-27,74.525,21.4662681122422,94.2,NA,96.5,2013-05-08,NA,5,"707DBD4","LA+TUQUE",1994,2026
"FFMC","05-28",2001-05-28,76.2,19.8209800464054,95.4,NA,96.5,2013-05-08,NA,5,"707DBD4","LA+TUQUE",1994,2026
"FFMC","05-29",2001-05-29,71.1823529411765,21.6070947634717,93.8,NA,96.5,2013-05-08,NA,5,"707DBD4","LA+TUQUE",1994,2026
"FFMC","05-30",2001-05-30,71.5823529411765,17.7096455107844,94.6,NA,96.5,2013-05-08,NA,5,"707DBD4","LA+TUQUE",1994,2026
"FFMC","05-31",2001-05-31,72.5764705882353,19.803457065995,94.7,NA,96.5,2013-05-08,NA,5,"707DBD4","LA+TUQUE",1994,2026
"FFMC","06-01",2001-06-01,73.5882352941177,21.1863128680093,95.1,NA,96.5,2013-05-08,NA,6,"707DBD4","LA+TUQUE",1994,2026
"FFMC","06-02",2001-06-02,65.4647058823529,26.8498124103426,93.1,NA,96.5,2013-05-08,NA,6,"707DBD4","LA+TUQUE",1994,2026
"FFMC","06-03",2001-06-03,68.0764705882353,21.7271871572163,93.2,NA,96.5,2013-05-08,NA,6,"707DBD4","LA+TUQUE",1994,2026
"FFMC","06-04",2001-06-04,76.9235294117647,12.3006874508991,93.4,NA,96.5,2013-05-08,NA,6,"707DBD4","LA+TUQUE",1994,2026
"FFMC","06-05",2001-06-05,75.4764705882353,17.9090245899855,93.4,NA,96.5,2013-05-08,NA,6,"707DBD4","LA+TUQUE",1994,2026
"FFMC","06-06",2001-06-06,74.9588235294117,15.6309812081459,92.6,NA,96.5,2013-05-08,NA,6,"707DBD4","LA+TUQUE",1994,2026
"FFMC","06-07",2001-06-07,76.9588235294118,13.4039200806858,92.9,NA,96.5,2013-05-08,NA,6,"707DBD4","LA+TUQUE",1994,2026
"FFMC","06-08",2001-06-08,72.5470588235294,26.4917939569751,95.2,NA,96.5,2013-05-08,NA,6,"707DBD4","LA+TUQUE",1994,2026
"FFMC","06-09",2001-06-09,78.8588235294118,21.3033171954372,93.8,NA,96.5,2013-05-08,NA,6,"707DBD4","LA+TUQUE",1994,2026
"FFMC","06-10",2001-06-10,86.9117647058823,8.77160777401592,94,NA,96.5,2013-05-08,NA,6,"707DBD4","LA+TUQUE",1994,2026
"FFMC","06-11",2001-06-11,80.935294117647,17.1801462878111,94.5,NA,96.5,2013-05-08,NA,6,"707DBD4","LA+TUQUE",1994,2026
"FFMC","06-12",2001-06-12,77.1058823529412,16.3182210499581,93.8,NA,96.5,2013-05-08,NA,6,"707DBD4","LA+TUQUE",1994,2026
"FFMC","06-13",2001-06-13,75.3058823529412,20.4994045824579,93.6,NA,96.5,2013-05-08,NA,6,"707DBD4","LA+TUQUE",1994,2026
"FFMC","06-14",2001-06-14,70.1058823529412,25.7687909734876,91.9,NA,96.5,2013-05-08,NA,6,"707DBD4","LA+TUQUE",1994,2026
"FFMC","06-15",2001-06-15,78.3705882352941,20.3526338807132,93.5,NA,96.5,2013-05-08,NA,6,"707DBD4","LA+TUQUE",1994,2026
"FFMC","06-16",2001-06-16,76.2941176470588,25.2174907204364,94.6,NA,96.5,2013-05-08,NA,6,"707DBD4","LA+TUQUE",1994,2026
"FFMC","06-17",2001-06-17,74.5941176470588,22.1164381905246,94.1,NA,96.5,2013-05-08,NA,6,"707DBD4","LA+TUQUE",1994,2026
"FFMC","06-18",2001-06-18,73.135294117647,22.9763177308852,94,NA,96.5,2013-05-08,NA,6,"707DBD4","LA+TUQUE",1994,2026
"FFMC","06-19",2001-06-19,79.0941176470588,15.7526375009169,94.1,NA,96.5,2013-05-08,NA,6,"707DBD4","LA+TUQUE",1994,2026
"FFMC","06-20",2001-06-20,83.5882352941177,12.6849262095282,94.4,NA,96.5,2013-05-08,NA,6,"707DBD4","LA+TUQUE",1994,2026
"FFMC","06-21",2001-06-21,77.3235294117647,17.7673341209284,93.9,NA,96.5,2013-05-08,NA,6,"707DBD4","LA+TUQUE",1994,2026
"FFMC","06-22",2001-06-22,82.5764705882353,13.6680525959153,93.8,NA,96.5,2013-05-08,NA,6,"707DBD4","LA+TUQUE",1994,2026
"FFMC","06-23",2001-06-23,81.5823529411765,16.29241523279,93.1,NA,96.5,2013-05-08,NA,6,"707DBD4","LA+TUQUE",1994,2026
"FFMC","06-24",2001-06-24,77.2941176470588,16.9393207725485,93.3,NA,96.5,2013-05-08,NA,6,"707DBD4","LA+TUQUE",1994,2026
"FFMC","06-25",2001-06-25,67.5588235294118,24.7400499904388,93.5,NA,96.5,2013-05-08,NA,6,"707DBD4","LA+TUQUE",1994,2026
"FFMC","06-26",2001-06-26,74.1470588235294,18.78197665473,93.6,NA,96.5,2013-05-08,NA,6,"707DBD4","LA+TUQUE",1994,2026
"FFMC","06-27",2001-06-27,76.1529411764706,17.9280896098503,92.7,NA,96.5,2013-05-08,NA,6,"707DBD4","LA+TUQUE",1994,2026
"FFMC","06-28",2001-06-28,71.6941176470588,22.145498148276,92.5,NA,96.5,2013-05-08,NA,6,"707DBD4","LA+TUQUE",1994,2026
"FFMC","06-29",2001-06-29,65.2764705882353,23.7248427131711,92.6,NA,96.5,2013-05-08,NA,6,"707DBD4","LA+TUQUE",1994,2026
"FFMC","06-30",2001-06-30,67.3294117647059,17.2671206598655,92.8,NA,96.5,2013-05-08,NA,6,"707DBD4","LA+TUQUE",1994,2026
"FFMC","07-01",2001-07-01,73.7058823529412,15.771828943889,92.9,NA,96.5,2013-05-08,NA,7,"707DBD4","LA+TUQUE",1994,2026
"FFMC","07-02",2001-07-02,76.8058823529412,17.7327194258324,90.8,NA,96.5,2013-05-08,NA,7,"707DBD4","LA+TUQUE",1994,2026
"FFMC","07-03",2001-07-03,74.3705882352941,20.4168669457964,92.4,NA,96.5,2013-05-08,NA,7,"707DBD4","LA+TUQUE",1994,2026
"FFMC","07-04",2001-07-04,75.5,24.0159061873584,92.9,NA,96.5,2013-05-08,NA,7,"707DBD4","LA+TUQUE",1994,2026
"FFMC","07-05",2001-07-05,80.2117647058824,15.8381612866259,93,NA,96.5,2013-05-08,NA,7,"707DBD4","LA+TUQUE",1994,2026
"FFMC","07-06",2001-07-06,77.7411764705882,14.2651261308623,92.4,NA,96.5,2013-05-08,NA,7,"707DBD4","LA+TUQUE",1994,2026
"FFMC","07-07",2001-07-07,74.5,19.6232005544457,90.8,NA,96.5,2013-05-08,NA,7,"707DBD4","LA+TUQUE",1994,2026
"FFMC","07-08",2001-07-08,74.6411764705882,15.7727240364311,90.1,NA,96.5,2013-05-08,NA,7,"707DBD4","LA+TUQUE",1994,2026
"FFMC","07-09",2001-07-09,74.8294117647059,17.2643695477811,92.6,NA,96.5,2013-05-08,NA,7,"707DBD4","LA+TUQUE",1994,2026
"FFMC","07-10",2001-07-10,74.8,15.892608344762,92,NA,96.5,2013-05-08,NA,7,"707DBD4","LA+TUQUE",1994,2026
"FFMC","07-11",2001-07-11,81.7882352941177,10.1640839696048,92.5,NA,96.5,2013-05-08,NA,7,"707DBD4","LA+TUQUE",1994,2026
"FFMC","07-12",2001-07-12,78.6176470588235,20.2736046157965,92.3,NA,96.5,2013-05-08,NA,7,"707DBD4","LA+TUQUE",1994,2026
"FFMC","07-13",2001-07-13,78.6705882352941,16.0833285075681,92.2,NA,96.5,2013-05-08,NA,7,"707DBD4","LA+TUQUE",1994,2026
"FFMC","07-14",2001-07-14,78.8705882352941,17.0952027154507,93.3,NA,96.5,2013-05-08,NA,7,"707DBD4","LA+TUQUE",1994,2026
"FFMC","07-15",2001-07-15,80.0764705882353,14.0169330370344,92.1,NA,96.5,2013-05-08,NA,7,"707DBD4","LA+TUQUE",1994,2026
"FFMC","07-16",2001-07-16,80.0882352941176,11.5104779631941,92.2,NA,96.5,2013-05-08,NA,7,"707DBD4","LA+TUQUE",1994,2026
"FFMC","07-17",2001-07-17,74.0352941176471,17.3300656799271,92.1,NA,96.5,2013-05-08,NA,7,"707DBD4","LA+TUQUE",1994,2026
"FFMC","07-18",2001-07-18,73.7705882352941,17.2861854057612,91.1,NA,96.5,2013-05-08,NA,7,"707DBD4","LA+TUQUE",1994,2026
"FFMC","07-19",2001-07-19,70.5,21.8250715920933,91.3,NA,96.5,2013-05-08,NA,7,"707DBD4","LA+TUQUE",1994,2026
"FFMC","07-20",2001-07-20,73.8,20.7519878565886,92.5,NA,96.5,2013-05-08,NA,7,"707DBD4","LA+TUQUE",1994,2026
"FFMC","07-21",2001-07-21,76.5882352941177,18.7645570941916,92.6,NA,96.5,2013-05-08,NA,7,"707DBD4","LA+TUQUE",1994,2026
"FFMC","07-22",2001-07-22,77.7235294117647,18.7645786460743,92.8,NA,96.5,2013-05-08,NA,7,"707DBD4","LA+TUQUE",1994,2026
"FFMC","07-23",2001-07-23,79.6647058823529,13.2737024401856,91.5,NA,96.5,2013-05-08,NA,7,"707DBD4","LA+TUQUE",1994,2026
"FFMC","07-24",2001-07-24,78.3705882352941,13.7022244866428,93,NA,96.5,2013-05-08,NA,7,"707DBD4","LA+TUQUE",1994,2026
"FFMC","07-25",2001-07-25,72.7176470588235,22.7563242664022,91.7,NA,96.5,2013-05-08,NA,7,"707DBD4","LA+TUQUE",1994,2026
"FFMC","07-26",2001-07-26,68.2705882352941,24.0620490790446,91.8,NA,96.5,2013-05-08,NA,7,"707DBD4","LA+TUQUE",1994,2026
"FFMC","07-27",2001-07-27,71.8176470588235,19.7623453597403,92.8,NA,96.5,2013-05-08,NA,7,"707DBD4","LA+TUQUE",1994,2026
"FFMC","07-28",2001-07-28,77.7705882352941,13.4848880559815,90.7,NA,96.5,2013-05-08,NA,7,"707DBD4","LA+TUQUE",1994,2026
"FFMC","07-29",2001-07-29,78.7588235294118,14.0435509586932,93.9,NA,96.5,2013-05-08,NA,7,"707DBD4","LA+TUQUE",1994,2026
"FFMC","07-30",2001-07-30,83.7705882352941,7.07405158889536,94,NA,96.5,2013-05-08,NA,7,"707DBD4","LA+TUQUE",1994,2026
"FFMC","07-31",2001-07-31,84.8588235294118,8.30000442948146,94.1,NA,96.5,2013-05-08,NA,7,"707DBD4","LA+TUQUE",1994,2026
"FFMC","08-01",2001-08-01,77.9588235294118,19.3611421029187,92.5,NA,96.5,2013-05-08,NA,8,"707DBD4","LA+TUQUE",1994,2026
"FFMC","08-02",2001-08-02,78.8764705882353,14.3552050408451,93.1,NA,96.5,2013-05-08,NA,8,"707DBD4","LA+TUQUE",1994,2026
"FFMC","08-03",2001-08-03,71.1411764705882,22.9683765976051,91.5,NA,96.5,2013-05-08,NA,8,"707DBD4","LA+TUQUE",1994,2026
"FFMC","08-04",2001-08-04,70.4705882352941,23.5484013445149,91.7,NA,96.5,2013-05-08,NA,8,"707DBD4","LA+TUQUE",1994,2026
"FFMC","08-05",2001-08-05,72.4058823529412,21.254278116071,91.7,NA,96.5,2013-05-08,NA,8,"707DBD4","LA+TUQUE",1994,2026
"FFMC","08-06",2001-08-06,76.4647058823529,15.5275135314895,92,NA,96.5,2013-05-08,NA,8,"707DBD4","LA+TUQUE",1994,2026
"FFMC","08-07",2001-08-07,80.8058823529412,11.8580389708962,91.6,NA,96.5,2013-05-08,NA,8,"707DBD4","LA+TUQUE",1994,2026
"FFMC","08-08",2001-08-08,76.4647058823529,14.8361021319816,92,NA,96.5,2013-05-08,NA,8,"707DBD4","LA+TUQUE",1994,2026
"FFMC","08-09",2001-08-09,80.2705882352941,12.4303441578402,92.8,NA,96.5,2013-05-08,NA,8,"707DBD4","LA+TUQUE",1994,2026
"FFMC","08-10",2001-08-10,79.9882352941177,16.6232097665035,92.9,NA,96.5,2013-05-08,NA,8,"707DBD4","LA+TUQUE",1994,2026
"FFMC","08-11",2001-08-11,73.4294117647059,26.3915887335786,90.9,NA,96.5,2013-05-08,NA,8,"707DBD4","LA+TUQUE",1994,2026
"FFMC","08-12",2001-08-12,71.3470588235294,23.4111650085771,90.9,NA,96.5,2013-05-08,NA,8,"707DBD4","LA+TUQUE",1994,2026
"FFMC","08-13",2001-08-13,69.0823529411765,20.7120205223355,91.2,NA,96.5,2013-05-08,NA,8,"707DBD4","LA+TUQUE",1994,2026
"FFMC","08-14",2001-08-14,67.5235294117647,22.7174913175884,91.5,NA,96.5,2013-05-08,NA,8,"707DBD4","LA+TUQUE",1994,2026
"FFMC","08-15",2001-08-15,67.7058823529412,20.6974778230415,92.2,NA,96.5,2013-05-08,NA,8,"707DBD4","LA+TUQUE",1994,2026
"FFMC","08-16",2001-08-16,71.1823529411765,19.2477347788681,91.3,NA,96.5,2013-05-08,NA,8,"707DBD4","LA+TUQUE",1994,2026
"FFMC","08-17",2001-08-17,76.0058823529412,13.6334364059577,91.4,NA,96.5,2013-05-08,NA,8,"707DBD4","LA+TUQUE",1994,2026
"FFMC","08-18",2001-08-18,75.2411764705882,15.8484643902623,91.4,NA,96.5,2013-05-08,NA,8,"707DBD4","LA+TUQUE",1994,2026
"FFMC","08-19",2001-08-19,81.4823529411765,11.3175325984795,92.4,NA,96.5,2013-05-08,NA,8,"707DBD4","LA+TUQUE",1994,2026
"FFMC","08-20",2001-08-20,81.0176470588235,11.4403472026703,92.8,NA,96.5,2013-05-08,NA,8,"707DBD4","LA+TUQUE",1994,2026
"FFMC","08-21",2001-08-21,76.7470588235294,16.6445981344947,93.6,NA,96.5,2013-05-08,NA,8,"707DBD4","LA+TUQUE",1994,2026
"FFMC","08-22",2001-08-22,71.1882352941176,17.2278801058394,91.1,NA,96.5,2013-05-08,NA,8,"707DBD4","LA+TUQUE",1994,2026
"FFMC","08-23",2001-08-23,73.9176470588235,16.8190084165996,91.6,NA,96.5,2013-05-08,NA,8,"707DBD4","LA+TUQUE",1994,2026
"FFMC","08-24",2001-08-24,81.2529411764706,9.71565216847657,91.7,NA,96.5,2013-05-08,NA,8,"707DBD4","LA+TUQUE",1994,2026
"FFMC","08-25",2001-08-25,78.8352941176471,14.5118891420307,92.8,NA,96.5,2013-05-08,NA,8,"707DBD4","LA+TUQUE",1994,2026
"FFMC","08-26",2001-08-26,79.0588235294118,18.1429758730317,93.1,NA,96.5,2013-05-08,NA,8,"707DBD4","LA+TUQUE",1994,2026
"FFMC","08-27",2001-08-27,79.3235294117647,10.5864612484392,93,NA,96.5,2013-05-08,NA,8,"707DBD4","LA+TUQUE",1994,2026
"FFMC","08-28",2001-08-28,76.6588235294118,17.8258260265664,93.1,NA,96.5,2013-05-08,NA,8,"707DBD4","LA+TUQUE",1994,2026
"FFMC","08-29",2001-08-29,77.8588235294118,15.8950093906676,91,NA,96.5,2013-05-08,NA,8,"707DBD4","LA+TUQUE",1994,2026
"FFMC","08-30",2001-08-30,77.8235294117647,13.8149162778754,91.4,NA,96.5,2013-05-08,NA,8,"707DBD4","LA+TUQUE",1994,2026
"FFMC","08-31",2001-08-31,71.1764705882353,20.5117201074095,92.4,NA,96.5,2013-05-08,NA,8,"707DBD4","LA+TUQUE",1994,2026
"FFMC","09-01",2001-09-01,78.3,18.817744285647,93,NA,96.5,2013-05-08,NA,9,"707DBD4","LA+TUQUE",1994,2026
"FFMC","09-02",2001-09-02,73.2235294117647,20.8842204011715,93.3,NA,96.5,2013-05-08,NA,9,"707DBD4","LA+TUQUE",1994,2026
"FFMC","09-03",2001-09-03,72.2176470588235,18.8072869951423,93.4,NA,96.5,2013-05-08,NA,9,"707DBD4","LA+TUQUE",1994,2026
"FFMC","09-04",2001-09-04,72.9,18.569699782172,93.3,NA,96.5,2013-05-08,NA,9,"707DBD4","LA+TUQUE",1994,2026
"FFMC","09-05",2001-09-05,74.9176470588235,17.8525640768391,92.7,NA,96.5,2013-05-08,NA,9,"707DBD4","LA+TUQUE",1994,2026
"FFMC","09-06",2001-09-06,73.4117647058823,14.444457516334,90.7,NA,96.5,2013-05-08,NA,9,"707DBD4","LA+TUQUE",1994,2026
"FFMC","09-07",2001-09-07,70.0882352941177,20.5957484190591,90.2,NA,96.5,2013-05-08,NA,9,"707DBD4","LA+TUQUE",1994,2026
"FFMC","09-08",2001-09-08,54.0352941176471,28.66779423797,88.2,NA,96.5,2013-05-08,NA,9,"707DBD4","LA+TUQUE",1994,2026
"FFMC","09-09",2001-09-09,61.2411764705882,23.8709566948921,89.9,NA,96.5,2013-05-08,NA,9,"707DBD4","LA+TUQUE",1994,2026
"FFMC","09-10",2001-09-10,67.5529411764706,25.2769687078736,89.6,NA,96.5,2013-05-08,NA,9,"707DBD4","LA+TUQUE",1994,2026
"FFMC","09-11",2001-09-11,69.1411764705882,20.7888509429793,90.7,NA,96.5,2013-05-08,NA,9,"707DBD4","LA+TUQUE",1994,2026
"FFMC","09-12",2001-09-12,69.6941176470588,21.2909156269827,92.2,NA,96.5,2013-05-08,NA,9,"707DBD4","LA+TUQUE",1994,2026
"FFMC","09-13",2001-09-13,74.1294117647059,13.0321604456956,89.5,NA,96.5,2013-05-08,NA,9,"707DBD4","LA+TUQUE",1994,2026
"FFMC","09-14",2001-09-14,56.1823529411765,25.6680062357334,88.9,NA,96.5,2013-05-08,NA,9,"707DBD4","LA+TUQUE",1994,2026
"FFMC","09-15",2001-09-15,60.4764705882353,22.8364437197368,88.5,NA,96.5,2013-05-08,NA,9,"707DBD4","LA+TUQUE",1994,2026
"FFMC","09-16",2001-09-16,68.5470588235294,17.5342920318678,88.9,NA,96.5,2013-05-08,NA,9,"707DBD4","LA+TUQUE",1994,2026
"FFMC","09-17",2001-09-17,70.6,17.4598467919968,89.6,NA,96.5,2013-05-08,NA,9,"707DBD4","LA+TUQUE",1994,2026
"FFMC","09-18",2001-09-18,76.2764705882353,14.5138524094985,90.4,NA,96.5,2013-05-08,NA,9,"707DBD4","LA+TUQUE",1994,2026
"FFMC","09-19",2001-09-19,74.8764705882353,16.2741562535422,89.6,NA,96.5,2013-05-08,NA,9,"707DBD4","LA+TUQUE",1994,2026
"FFMC","09-20",2001-09-20,71.9117647058823,14.1938755433876,89.6,NA,96.5,2013-05-08,NA,9,"707DBD4","LA+TUQUE",1994,2026
"FFMC","09-21",2001-09-21,75.3647058823529,13.2678625434012,89.6,NA,96.5,2013-05-08,NA,9,"707DBD4","LA+TUQUE",1994,2026
"FFMC","09-22",2001-09-22,63.3470588235294,23.4498965255462,89.6,NA,96.5,2013-05-08,NA,9,"707DBD4","LA+TUQUE",1994,2026
"FFMC","09-23",2001-09-23,68.2647058823529,21.2403784446179,88.5,NA,96.5,2013-05-08,NA,9,"707DBD4","LA+TUQUE",1994,2026
"FFMC","09-24",2001-09-24,69.5294117647059,24.7017399363355,88.6,NA,96.5,2013-05-08,NA,9,"707DBD4","LA+TUQUE",1994,2026
"FFMC","09-25",2001-09-25,72.4588235294118,22.3986623156253,89.1,NA,96.5,2013-05-08,NA,9,"707DBD4","LA+TUQUE",1994,2026
"FFMC","09-26",2001-09-26,72.2764705882353,22.742320940588,89,NA,96.5,2013-05-08,NA,9,"707DBD4","LA+TUQUE",1994,2026
"FFMC","09-27",2001-09-27,70.4411764705882,17.6574721726926,89.1,NA,96.5,2013-05-08,NA,9,"707DBD4","LA+TUQUE",1994,2026
"FFMC","09-28",2001-09-28,68.1470588235294,23.6253337978286,88.1,NA,96.5,2013-05-08,NA,9,"707DBD4","LA+TUQUE",1994,2026
"FFMC","09-29",2001-09-29,63.2176470588235,25.7784851012942,88.3,NA,96.5,2013-05-08,NA,9,"707DBD4","LA+TUQUE",1994,2026
"FFMC","09-30",2001-09-30,59.5764705882353,24.414200002554,88.6,NA,96.5,2013-05-08,NA,9,"707DBD4","LA+TUQUE",1994,2026
"FFMC","10-01",2001-10-01,62.2647058823529,21.9541835755873,89.5,NA,96.5,2013-05-08,NA,10,"707DBD4","LA+TUQUE",1994,2026
"FFMC","10-02",2001-10-02,69.7294117647059,18.1347651179262,90.1,NA,96.5,2013-05-08,NA,10,"707DBD4","LA+TUQUE",1994,2026
"FFMC","10-03",2001-10-03,72.5235294117647,14.8343996091755,89.1,NA,96.5,2013-05-08,NA,10,"707DBD4","LA+TUQUE",1994,2026
"FFMC","10-04",2001-10-04,75.4588235294118,10.0921416720839,89.1,NA,96.5,2013-05-08,NA,10,"707DBD4","LA+TUQUE",1994,2026
"FFMC","10-05",2001-10-05,72.8823529411765,17.0328812629469,88.6,NA,96.5,2013-05-08,NA,10,"707DBD4","LA+TUQUE",1994,2026
"FFMC","10-06",2001-10-06,74.1588235294118,16.8368293787581,88.2,NA,96.5,2013-05-08,NA,10,"707DBD4","LA+TUQUE",1994,2026
"FFMC","10-07",2001-10-07,65.9529411764706,22.3301678690247,88.9,NA,96.5,2013-05-08,NA,10,"707DBD4","LA+TUQUE",1994,2026
"FFMC","10-08",2001-10-08,63.7117647058824,24.4400000601714,89.9,NA,96.5,2013-05-08,NA,10,"707DBD4","LA+TUQUE",1994,2026
"FFMC","10-09",2001-10-09,62.3529411764706,24.345202752469,91.2,NA,96.5,2013-05-08,NA,10,"707DBD4","LA+TUQUE",1994,2026
"FFMC","10-10",2001-10-10,59.7705882352941,26.1073448646612,91.2,NA,96.5,2013-05-08,NA,10,"707DBD4","LA+TUQUE",1994,2026
"FFMC","10-11",2001-10-11,64.7705882352941,25.1533984956775,89.6,NA,96.5,2013-05-08,NA,10,"707DBD4","LA+TUQUE",1994,2026
"FFMC","10-12",2001-10-12,74.5411764705882,14.6678670408963,88.5,NA,96.5,2013-05-08,NA,10,"707DBD4","LA+TUQUE",1994,2026
"FFMC","10-13",2001-10-13,71.0411764705883,23.4733641289316,88.9,NA,96.5,2013-05-08,NA,10,"707DBD4","LA+TUQUE",1994,2026
"FFMC","10-14",2001-10-14,63.1941176470588,19.4965211829007,88.1,NA,96.5,2013-05-08,NA,10,"707DBD4","LA+TUQUE",1994,2026
"FFMC","10-15",2001-10-15,56.4705882352941,20.1333294783141,88.1,NA,96.5,2013-05-08,NA,10,"707DBD4","LA+TUQUE",1994,2026
"FFMC","10-16",2001-10-16,49.8823529411765,23.7331844495771,89,NA,96.5,2013-05-08,NA,10,"707DBD4","LA+TUQUE",1994,2026
"FFMC","10-17",2001-10-17,54.0294117647059,25.7552607418825,89.8,NA,96.5,2013-05-08,NA,10,"707DBD4","LA+TUQUE",1994,2026
"FFMC","10-18",2001-10-18,62.9764705882353,21.7695466596047,89.1,NA,96.5,2013-05-08,NA,10,"707DBD4","LA+TUQUE",1994,2026
"FFMC","10-19",2001-10-19,68.9941176470588,17.0644539389719,89.3,NA,96.5,2013-05-08,NA,10,"707DBD4","LA+TUQUE",1994,2026
"FFMC","10-20",2001-10-20,60.1235294117647,22.5898906983789,89.1,NA,96.5,2013-05-08,NA,10,"707DBD4","LA+TUQUE",1994,2026
"FFMC","10-21",2001-10-21,55.4470588235294,22.562998405771,88.1,NA,96.5,2013-05-08,NA,10,"707DBD4","LA+TUQUE",1994,2026
"FFMC","10-22",2001-10-22,53.9,26.9437840697998,88,NA,96.5,2013-05-08,NA,10,"707DBD4","LA+TUQUE",1994,2026
"FFMC","10-23",2001-10-23,55.135294117647,26.1352477790165,87.8,NA,96.5,2013-05-08,NA,10,"707DBD4","LA+TUQUE",1994,2026
"FFMC","10-24",2001-10-24,63.6823529411765,21.5962159675636,86.4,NA,96.5,2013-05-08,NA,10,"707DBD4","LA+TUQUE",1994,2026
"FFMC","10-25",2001-10-25,63.9235294117647,17.2136402821921,87,NA,96.5,2013-05-08,NA,10,"707DBD4","LA+TUQUE",1994,2026
"FFMC","10-26",2001-10-26,64.5,18.7851670208172,87.5,NA,96.5,2013-05-08,NA,10,"707DBD4","LA+TUQUE",1994,2026
"FFMC","10-27",2001-10-27,58.6125,20.2977461803029,85.2,NA,96.5,2013-05-08,NA,10,"707DBD4","LA+TUQUE",1994,2026
"FFMC","10-28",2001-10-28,52.95,23.1597927451866,84.1,NA,96.5,2013-05-08,NA,10,"707DBD4","LA+TUQUE",1994,2026
"FFMC","10-29",2001-10-29,56.0466666666667,20.6559180958134,86.5,NA,96.5,2013-05-08,NA,10,"707DBD4","LA+TUQUE",1994,2026
"FFMC","10-30",2001-10-30,56.9266666666667,22.8809798324993,88.7,NA,96.5,2013-05-08,NA,10,"707DBD4","LA+TUQUE",1994,2026
"FFMC","10-31",2001-10-31,57.64,23.8839097062676,85.2,NA,96.5,2013-05-08,NA,10,"707DBD4","LA+TUQUE",1994,2026
"FWI","04-01",2001-04-01,0.3,NA,0.3,NA,57.5,2010-05-30,NA,4,"707DBD4","LA+TUQUE",1994,2026
"FWI","04-02",2001-04-02,2.8,NA,2.8,NA,57.5,2010-05-30,NA,4,"707DBD4","LA+TUQUE",1994,2026
"FWI","04-03",2001-04-03,8.9,NA,8.9,NA,57.5,2010-05-30,NA,4,"707DBD4","LA+TUQUE",1994,2026
"FWI","04-04",2001-04-04,10.6,NA,10.6,NA,57.5,2010-05-30,NA,4,"707DBD4","LA+TUQUE",1994,2026
"FWI","04-05",2001-04-05,0.7,NA,0.7,NA,57.5,2010-05-30,NA,4,"707DBD4","LA+TUQUE",1994,2026
"FWI","04-06",2001-04-06,0.1,NA,0.1,NA,57.5,2010-05-30,NA,4,"707DBD4","LA+TUQUE",1994,2026
"FWI","04-07",2001-04-07,0.3,NA,3.5,NA,57.5,2010-05-30,NA,4,"707DBD4","LA+TUQUE",1994,2026
"FWI","04-08",2001-04-08,0.4,NA,4.9,NA,57.5,2010-05-30,NA,4,"707DBD4","LA+TUQUE",1994,2026
"FWI","04-09",2001-04-09,NA,NA,6.9,NA,57.5,2010-05-30,NA,4,"707DBD4","LA+TUQUE",1994,2026
"FWI","04-10",2001-04-10,0,NA,8,NA,57.5,2010-05-30,NA,4,"707DBD4","LA+TUQUE",1994,2026
"FWI","04-11",2001-04-11,0.4,NA,3.4,NA,57.5,2010-05-30,NA,4,"707DBD4","LA+TUQUE",1994,2026
"FWI","04-12",2001-04-12,0.45,0.353553390593274,6.9,NA,57.5,2010-05-30,NA,4,"707DBD4","LA+TUQUE",1994,2026
"FWI","04-13",2001-04-13,4.2,1.13137084989848,8.6,NA,57.5,2010-05-30,NA,4,"707DBD4","LA+TUQUE",1994,2026
"FWI","04-14",2001-04-14,10.6,0.282842712474619,10.8,NA,57.5,2010-05-30,NA,4,"707DBD4","LA+TUQUE",1994,2026
"FWI","04-15",2001-04-15,6.9,4.94974746830583,15.5,NA,57.5,2010-05-30,NA,4,"707DBD4","LA+TUQUE",1994,2026
"FWI","04-16",2001-04-16,4.36666666666667,3.72200662725543,15.9,NA,57.5,2010-05-30,NA,4,"707DBD4","LA+TUQUE",1994,2026
"FWI","04-17",2001-04-17,5.45,6.44437739428721,12.6,0,57.5,2010-05-30,NA,4,"707DBD4","LA+TUQUE",1994,2026
"FWI","04-18",2001-04-18,3.2,3.67241972909779,8.5,1.4,57.5,2010-05-30,NA,4,"707DBD4","LA+TUQUE",1994,2026
"FWI","04-19",2001-04-19,5.075,5.98184754068507,13,0.2,57.5,2010-05-30,NA,4,"707DBD4","LA+TUQUE",1994,2026
"FWI","04-20",2001-04-20,5.65,2.91490422941589,8.8,0.4,57.5,2010-05-30,NA,4,"707DBD4","LA+TUQUE",1994,2026
"FWI","04-21",2001-04-21,3.24,3.07294646878204,7,NA,57.5,2010-05-30,NA,4,"707DBD4","LA+TUQUE",1994,2026
"FWI","04-22",2001-04-22,3.9,6.49653753933586,15.1,NA,57.5,2010-05-30,NA,4,"707DBD4","LA+TUQUE",1994,2026
"FWI","04-23",2001-04-23,6.1,7.73002802927217,16.1,NA,57.5,2010-05-30,NA,4,"707DBD4","LA+TUQUE",1994,2026
"FWI","04-24",2001-04-24,4.66666666666667,5.87934236685249,14.4,NA,57.5,2010-05-30,NA,4,"707DBD4","LA+TUQUE",1994,2026
"FWI","04-25",2001-04-25,0.64,0.618869937870632,20.2,NA,57.5,2010-05-30,NA,4,"707DBD4","LA+TUQUE",1994,2026
"FWI","04-26",2001-04-26,2.43333333333333,3.32004016039967,10.4,NA,57.5,2010-05-30,NA,4,"707DBD4","LA+TUQUE",1994,2026
"FWI","04-27",2001-04-27,2.55714285714286,3.58462324512965,17.6,NA,57.5,2010-05-30,NA,4,"707DBD4","LA+TUQUE",1994,2026
"FWI","04-28",2001-04-28,3.8,4.52358896705449,10.7,NA,57.5,2010-05-30,NA,4,"707DBD4","LA+TUQUE",1994,2026
"FWI","04-29",2001-04-29,7.85714285714286,7.28717072277418,16.7,NA,57.5,2010-05-30,NA,4,"707DBD4","LA+TUQUE",1994,2026
"FWI","04-30",2001-04-30,8.81111111111111,7.64680398016787,21.1,NA,57.5,2010-05-30,NA,4,"707DBD4","LA+TUQUE",1994,2026
"FWI","05-01",2001-05-01,8.87272727272727,8.62891544854751,22,NA,57.5,2010-05-30,NA,5,"707DBD4","LA+TUQUE",1994,2026
"FWI","05-02",2001-05-02,6.6,7.4207816299902,24.3,NA,57.5,2010-05-30,NA,5,"707DBD4","LA+TUQUE",1994,2026
"FWI","05-03",2001-05-03,6.39166666666667,8.9181590368226,26.8,NA,57.5,2010-05-30,NA,5,"707DBD4","LA+TUQUE",1994,2026
"FWI","05-04",2001-05-04,8.53571428571429,11.7984097457019,32.8,NA,57.5,2010-05-30,NA,5,"707DBD4","LA+TUQUE",1994,2026
"FWI","05-05",2001-05-05,5.39285714285714,8.48396354085974,24.7,NA,57.5,2010-05-30,NA,5,"707DBD4","LA+TUQUE",1994,2026
"FWI","05-06",2001-05-06,8.28571428571428,11.9455725395103,37.8,NA,57.5,2010-05-30,NA,5,"707DBD4","LA+TUQUE",1994,2026
"FWI","05-07",2001-05-07,9.47333333333333,13.0417717172096,45.3,NA,57.5,2010-05-30,NA,5,"707DBD4","LA+TUQUE",1994,2026
"FWI","05-08",2001-05-08,7.42,9.38944696378409,35.5,NA,57.5,2010-05-30,NA,5,"707DBD4","LA+TUQUE",1994,2026
"FWI","05-09",2001-05-09,6.1625,4.86701482772894,19.4,NA,57.5,2010-05-30,NA,5,"707DBD4","LA+TUQUE",1994,2026
"FWI","05-10",2001-05-10,5.27333333333333,6.45340072770791,25.5,NA,57.5,2010-05-30,NA,5,"707DBD4","LA+TUQUE",1994,2026
"FWI","05-11",2001-05-11,4.67333333333333,6.70665625295036,21.1,NA,57.5,2010-05-30,NA,5,"707DBD4","LA+TUQUE",1994,2026
"FWI","05-12",2001-05-12,6.28,8.54819947624728,27.2,NA,57.5,2010-05-30,NA,5,"707DBD4","LA+TUQUE",1994,2026
"FWI","05-13",2001-05-13,9.14,7.99310417082839,36.1,NA,57.5,2010-05-30,NA,5,"707DBD4","LA+TUQUE",1994,2026
"FWI","05-14",2001-05-14,9.79375,9.88780182851578,28.5,NA,57.5,2010-05-30,NA,5,"707DBD4","LA+TUQUE",1994,2026
"FWI","05-15",2001-05-15,9.14375,8.04296535282023,27.8,NA,57.5,2010-05-30,NA,5,"707DBD4","LA+TUQUE",1994,2026
"FWI","05-16",2001-05-16,10.55625,13.4296670968916,43.9,NA,57.5,2010-05-30,NA,5,"707DBD4","LA+TUQUE",1994,2026
"FWI","05-17",2001-05-17,9.65,13.0335976102789,51.5,NA,57.5,2010-05-30,NA,5,"707DBD4","LA+TUQUE",1994,2026
"FWI","05-18",2001-05-18,9.64375,13.1220409362772,51.8,NA,57.5,2010-05-30,NA,5,"707DBD4","LA+TUQUE",1994,2026
"FWI","05-19",2001-05-19,7.2125,8.1326399977703,24.8,NA,57.5,2010-05-30,NA,5,"707DBD4","LA+TUQUE",1994,2026
"FWI","05-20",2001-05-20,6.70625,8.98602387043346,31.1,NA,57.5,2010-05-30,NA,5,"707DBD4","LA+TUQUE",1994,2026
"FWI","05-21",2001-05-21,9.85,11.0483784632256,31.4,NA,57.5,2010-05-30,NA,5,"707DBD4","LA+TUQUE",1994,2026
"FWI","05-22",2001-05-22,8.4,9.31865512471265,28.2,NA,57.5,2010-05-30,NA,5,"707DBD4","LA+TUQUE",1994,2026
"FWI","05-23",2001-05-23,7.78125,10.2213644718632,32,NA,57.5,2010-05-30,NA,5,"707DBD4","LA+TUQUE",1994,2026
"FWI","05-24",2001-05-24,8.90625,9.8467909324138,26,NA,57.5,2010-05-30,NA,5,"707DBD4","LA+TUQUE",1994,2026
"FWI","05-25",2001-05-25,9.3625,9.40672631684371,30.2,NA,57.5,2010-05-30,NA,5,"707DBD4","LA+TUQUE",1994,2026
"FWI","05-26",2001-05-26,8.5125,10.8789628794906,34.8,NA,57.5,2010-05-30,NA,5,"707DBD4","LA+TUQUE",1994,2026
"FWI","05-27",2001-05-27,8.11875,11.0222332129201,36.3,NA,57.5,2010-05-30,NA,5,"707DBD4","LA+TUQUE",1994,2026
"FWI","05-28",2001-05-28,7.0125,7.01397414689656,33.9,NA,57.5,2010-05-30,NA,5,"707DBD4","LA+TUQUE",1994,2026
"FWI","05-29",2001-05-29,6.30588235294118,7.14619396849079,23.2,NA,57.5,2010-05-30,NA,5,"707DBD4","LA+TUQUE",1994,2026
"FWI","05-30",2001-05-30,8.32352941176471,14.6873469954484,57.5,NA,57.5,2010-05-30,NA,5,"707DBD4","LA+TUQUE",1994,2026
"FWI","05-31",2001-05-31,7.71764705882353,10.7957882582814,32,NA,57.5,2010-05-30,NA,5,"707DBD4","LA+TUQUE",1994,2026
"FWI","06-01",2001-06-01,7.21176470588235,7.1901740549987,26,NA,57.5,2010-05-30,NA,6,"707DBD4","LA+TUQUE",1994,2026
"FWI","06-02",2001-06-02,6.15882352941177,8.14010586721154,23.5,NA,57.5,2010-05-30,NA,6,"707DBD4","LA+TUQUE",1994,2026
"FWI","06-03",2001-06-03,7.37647058823529,9.69816538138559,28,NA,57.5,2010-05-30,NA,6,"707DBD4","LA+TUQUE",1994,2026
"FWI","06-04",2001-06-04,6.07058823529412,8.65807171848056,29.3,NA,57.5,2010-05-30,NA,6,"707DBD4","LA+TUQUE",1994,2026
"FWI","06-05",2001-06-05,7.28823529411765,7.65211427915034,26.8,NA,57.5,2010-05-30,NA,6,"707DBD4","LA+TUQUE",1994,2026
"FWI","06-06",2001-06-06,5.57647058823529,6.73326902512486,30.9,NA,57.5,2010-05-30,NA,6,"707DBD4","LA+TUQUE",1994,2026
"FWI","06-07",2001-06-07,5.89411764705882,6.87290609824506,26.4,NA,57.5,2010-05-30,NA,6,"707DBD4","LA+TUQUE",1994,2026
"FWI","06-08",2001-06-08,8.49411764705882,7.60110769791444,23.4,NA,57.5,2010-05-30,NA,6,"707DBD4","LA+TUQUE",1994,2026
"FWI","06-09",2001-06-09,11.5117647058824,8.02837797697496,26.3,NA,57.5,2010-05-30,NA,6,"707DBD4","LA+TUQUE",1994,2026
"FWI","06-10",2001-06-10,14.9058823529412,10.0663716519555,38.6,NA,57.5,2010-05-30,NA,6,"707DBD4","LA+TUQUE",1994,2026
"FWI","06-11",2001-06-11,12.4,11.1384469294422,34.5,NA,57.5,2010-05-30,NA,6,"707DBD4","LA+TUQUE",1994,2026
"FWI","06-12",2001-06-12,8.52352941176471,9.6025080976121,31.9,NA,57.5,2010-05-30,NA,6,"707DBD4","LA+TUQUE",1994,2026
"FWI","06-13",2001-06-13,9.08823529411765,8.58515305286845,25.2,NA,57.5,2010-05-30,NA,6,"707DBD4","LA+TUQUE",1994,2026
"FWI","06-14",2001-06-14,9.72941176470588,10.3795932426253,32.2,NA,57.5,2010-05-30,NA,6,"707DBD4","LA+TUQUE",1994,2026
"FWI","06-15",2001-06-15,11.6588235294118,10.5875551252124,38.4,NA,57.5,2010-05-30,NA,6,"707DBD4","LA+TUQUE",1994,2026
"FWI","06-16",2001-06-16,11.7,10.420892476175,35.9,NA,57.5,2010-05-30,NA,6,"707DBD4","LA+TUQUE",1994,2026
"FWI","06-17",2001-06-17,8.88823529411765,8.87988473693079,30.1,NA,57.5,2010-05-30,NA,6,"707DBD4","LA+TUQUE",1994,2026
"FWI","06-18",2001-06-18,8.84117647058824,9.34819894575483,27.8,NA,57.5,2010-05-30,NA,6,"707DBD4","LA+TUQUE",1994,2026
"FWI","06-19",2001-06-19,11.9882352941176,10.8058943610039,31.5,NA,57.5,2010-05-30,NA,6,"707DBD4","LA+TUQUE",1994,2026
"FWI","06-20",2001-06-20,13.0529411764706,9.92881649839615,30,NA,57.5,2010-05-30,NA,6,"707DBD4","LA+TUQUE",1994,2026
"FWI","06-21",2001-06-21,9.32941176470588,9.81133048481973,35.9,NA,57.5,2010-05-30,NA,6,"707DBD4","LA+TUQUE",1994,2026
"FWI","06-22",2001-06-22,10.9705882352941,8.28377666782205,31.5,NA,57.5,2010-05-30,NA,6,"707DBD4","LA+TUQUE",1994,2026
"FWI","06-23",2001-06-23,14.7,11.3165255268567,38.6,NA,57.5,2010-05-30,NA,6,"707DBD4","LA+TUQUE",1994,2026
"FWI","06-24",2001-06-24,9.40588235294118,9.15870286859958,26.4,NA,57.5,2010-05-30,NA,6,"707DBD4","LA+TUQUE",1994,2026
"FWI","06-25",2001-06-25,6.28235294117647,7.57349286113396,29.1,NA,57.5,2010-05-30,NA,6,"707DBD4","LA+TUQUE",1994,2026
"FWI","06-26",2001-06-26,8.63529411764706,10.0670217279287,31.4,NA,57.5,2010-05-30,NA,6,"707DBD4","LA+TUQUE",1994,2026
"FWI","06-27",2001-06-27,8.18823529411765,8.37069907123512,25.7,NA,57.5,2010-05-30,NA,6,"707DBD4","LA+TUQUE",1994,2026
"FWI","06-28",2001-06-28,7.82941176470588,8.22152393917046,26.5,NA,57.5,2010-05-30,NA,6,"707DBD4","LA+TUQUE",1994,2026
"FWI","06-29",2001-06-29,6.20588235294118,9.15016875447082,24.8,NA,57.5,2010-05-30,NA,6,"707DBD4","LA+TUQUE",1994,2026
"FWI","06-30",2001-06-30,3.33529411764706,5.24856422944297,21.6,NA,57.5,2010-05-30,NA,6,"707DBD4","LA+TUQUE",1994,2026
"FWI","07-01",2001-07-01,5.89411764705882,6.88907383000749,24.6,NA,57.5,2010-05-30,NA,7,"707DBD4","LA+TUQUE",1994,2026
"FWI","07-02",2001-07-02,7.62352941176471,6.32450881608255,20.9,NA,57.5,2010-05-30,NA,7,"707DBD4","LA+TUQUE",1994,2026
"FWI","07-03",2001-07-03,6.50588235294118,6.83652603558957,19.8,NA,57.5,2010-05-30,NA,7,"707DBD4","LA+TUQUE",1994,2026
"FWI","07-04",2001-07-04,9.28823529411765,8.9856053185735,26.2,NA,57.5,2010-05-30,NA,7,"707DBD4","LA+TUQUE",1994,2026
"FWI","07-05",2001-07-05,10.4705882352941,8.94397595492927,29.6,NA,57.5,2010-05-30,NA,7,"707DBD4","LA+TUQUE",1994,2026
"FWI","07-06",2001-07-06,8.56470588235294,8.31797309869347,25.1,NA,57.5,2010-05-30,NA,7,"707DBD4","LA+TUQUE",1994,2026
"FWI","07-07",2001-07-07,7.67647058823529,6.94815887589697,21.5,NA,57.5,2010-05-30,NA,7,"707DBD4","LA+TUQUE",1994,2026
"FWI","07-08",2001-07-08,6.90588235294118,6.9416740225463,22.3,NA,57.5,2010-05-30,NA,7,"707DBD4","LA+TUQUE",1994,2026
"FWI","07-09",2001-07-09,8.58235294117647,8.61054842142166,24.9,NA,57.5,2010-05-30,NA,7,"707DBD4","LA+TUQUE",1994,2026
"FWI","07-10",2001-07-10,6.77647058823529,6.78035115349536,18.9,NA,57.5,2010-05-30,NA,7,"707DBD4","LA+TUQUE",1994,2026
"FWI","07-11",2001-07-11,9.17058823529412,7.31870588849921,24.5,NA,57.5,2010-05-30,NA,7,"707DBD4","LA+TUQUE",1994,2026
"FWI","07-12",2001-07-12,11.2764705882353,9.59345671615325,31.6,NA,57.5,2010-05-30,NA,7,"707DBD4","LA+TUQUE",1994,2026
"FWI","07-13",2001-07-13,9.57058823529412,8.69603104193821,29.3,NA,57.5,2010-05-30,NA,7,"707DBD4","LA+TUQUE",1994,2026
"FWI","07-14",2001-07-14,8.11764705882353,7.10239706843028,22,NA,57.5,2010-05-30,NA,7,"707DBD4","LA+TUQUE",1994,2026
"FWI","07-15",2001-07-15,10.5411764705882,8.61996656196599,24.4,NA,57.5,2010-05-30,NA,7,"707DBD4","LA+TUQUE",1994,2026
"FWI","07-16",2001-07-16,8.51176470588235,7.36621360952671,23,NA,57.5,2010-05-30,NA,7,"707DBD4","LA+TUQUE",1994,2026
"FWI","07-17",2001-07-17,6.54117647058823,7.85183567896143,30.7,NA,57.5,2010-05-30,NA,7,"707DBD4","LA+TUQUE",1994,2026
"FWI","07-18",2001-07-18,6.17058823529412,6.42463663426601,19,NA,57.5,2010-05-30,NA,7,"707DBD4","LA+TUQUE",1994,2026
"FWI","07-19",2001-07-19,6.75294117647059,7.44900309161055,20.2,NA,57.5,2010-05-30,NA,7,"707DBD4","LA+TUQUE",1994,2026
"FWI","07-20",2001-07-20,7.89411764705882,9.07093370250792,27.1,NA,57.5,2010-05-30,NA,7,"707DBD4","LA+TUQUE",1994,2026
"FWI","07-21",2001-07-21,7.74117647058824,6.89855590173855,23.7,NA,57.5,2010-05-30,NA,7,"707DBD4","LA+TUQUE",1994,2026
"FWI","07-22",2001-07-22,9.75294117647059,8.03843250010993,29.2,NA,57.5,2010-05-30,NA,7,"707DBD4","LA+TUQUE",1994,2026
"FWI","07-23",2001-07-23,8.4,6.08738449582413,18.2,NA,57.5,2010-05-30,NA,7,"707DBD4","LA+TUQUE",1994,2026
"FWI","07-24",2001-07-24,6.85882352941176,6.35325298799062,26.7,NA,57.5,2010-05-30,NA,7,"707DBD4","LA+TUQUE",1994,2026
"FWI","07-25",2001-07-25,8.69411764705882,8.30884096822741,22.4,NA,57.5,2010-05-30,NA,7,"707DBD4","LA+TUQUE",1994,2026
"FWI","07-26",2001-07-26,7.85294117647059,9.79822162735787,31.7,NA,57.5,2010-05-30,NA,7,"707DBD4","LA+TUQUE",1994,2026
"FWI","07-27",2001-07-27,6.63529411764706,9.39354440403558,31.8,NA,57.5,2010-05-30,NA,7,"707DBD4","LA+TUQUE",1994,2026
"FWI","07-28",2001-07-28,7.12352941176471,7.14777320322252,25.2,NA,57.5,2010-05-30,NA,7,"707DBD4","LA+TUQUE",1994,2026
"FWI","07-29",2001-07-29,8.99411764705882,10.0978011584351,35.3,NA,57.5,2010-05-30,NA,7,"707DBD4","LA+TUQUE",1994,2026
"FWI","07-30",2001-07-30,9.88823529411765,9.72438187964543,30.6,NA,57.5,2010-05-30,NA,7,"707DBD4","LA+TUQUE",1994,2026
"FWI","07-31",2001-07-31,10.9411764705882,9.68297854636742,38.8,NA,57.5,2010-05-30,NA,7,"707DBD4","LA+TUQUE",1994,2026
"FWI","08-01",2001-08-01,10.8117647058824,9.43384083717637,33.9,NA,57.5,2010-05-30,NA,8,"707DBD4","LA+TUQUE",1994,2026
"FWI","08-02",2001-08-02,10.5117647058824,10.2958658179473,36.1,NA,57.5,2010-05-30,NA,8,"707DBD4","LA+TUQUE",1994,2026
"FWI","08-03",2001-08-03,7.86470588235294,8.57014740075036,25.3,NA,57.5,2010-05-30,NA,8,"707DBD4","LA+TUQUE",1994,2026
"FWI","08-04",2001-08-04,8.50588235294118,8.9095083049119,23.7,NA,57.5,2010-05-30,NA,8,"707DBD4","LA+TUQUE",1994,2026
"FWI","08-05",2001-08-05,9.20588235294117,10.5132339570322,32,NA,57.5,2010-05-30,NA,8,"707DBD4","LA+TUQUE",1994,2026
"FWI","08-06",2001-08-06,7.60588235294118,8.60780681912031,28,NA,57.5,2010-05-30,NA,8,"707DBD4","LA+TUQUE",1994,2026
"FWI","08-07",2001-08-07,8.60588235294118,6.94959266686143,22.6,NA,57.5,2010-05-30,NA,8,"707DBD4","LA+TUQUE",1994,2026
"FWI","08-08",2001-08-08,7.57647058823529,7.63458654838007,23.8,NA,57.5,2010-05-30,NA,8,"707DBD4","LA+TUQUE",1994,2026
"FWI","08-09",2001-08-09,8.47647058823529,7.92610634326249,28.2,NA,57.5,2010-05-30,NA,8,"707DBD4","LA+TUQUE",1994,2026
"FWI","08-10",2001-08-10,9.91764705882353,9.16271215948897,35.7,NA,57.5,2010-05-30,NA,8,"707DBD4","LA+TUQUE",1994,2026
"FWI","08-11",2001-08-11,10.0117647058824,7.2977635575001,23.1,NA,57.5,2010-05-30,NA,8,"707DBD4","LA+TUQUE",1994,2026
"FWI","08-12",2001-08-12,7.92352941176471,7.85282826532619,28.3,NA,57.5,2010-05-30,NA,8,"707DBD4","LA+TUQUE",1994,2026
"FWI","08-13",2001-08-13,5.34705882352941,6.84991949287169,20.6,NA,57.5,2010-05-30,NA,8,"707DBD4","LA+TUQUE",1994,2026
"FWI","08-14",2001-08-14,6.98823529411765,8.44162916392188,27.2,NA,57.5,2010-05-30,NA,8,"707DBD4","LA+TUQUE",1994,2026
"FWI","08-15",2001-08-15,5.96470588235294,9.76223214590742,35.3,NA,57.5,2010-05-30,NA,8,"707DBD4","LA+TUQUE",1994,2026
"FWI","08-16",2001-08-16,6.54117647058824,8.37310118948838,27.4,NA,57.5,2010-05-30,NA,8,"707DBD4","LA+TUQUE",1994,2026
"FWI","08-17",2001-08-17,5.48823529411765,6.29005985195503,23.5,NA,57.5,2010-05-30,NA,8,"707DBD4","LA+TUQUE",1994,2026
"FWI","08-18",2001-08-18,5.98823529411765,7.29416567820998,23.7,NA,57.5,2010-05-30,NA,8,"707DBD4","LA+TUQUE",1994,2026
"FWI","08-19",2001-08-19,8.36470588235294,7.85898698755687,27.5,NA,57.5,2010-05-30,NA,8,"707DBD4","LA+TUQUE",1994,2026
"FWI","08-20",2001-08-20,9.65882352941177,9.64695928930001,32.4,NA,57.5,2010-05-30,NA,8,"707DBD4","LA+TUQUE",1994,2026
"FWI","08-21",2001-08-21,7.05882352941176,8.02691245308006,32,NA,57.5,2010-05-30,NA,8,"707DBD4","LA+TUQUE",1994,2026
"FWI","08-22",2001-08-22,4.85882352941176,6.20736043173036,22.1,NA,57.5,2010-05-30,NA,8,"707DBD4","LA+TUQUE",1994,2026
"FWI","08-23",2001-08-23,6.60588235294118,9.38765616303101,37.2,NA,57.5,2010-05-30,NA,8,"707DBD4","LA+TUQUE",1994,2026
"FWI","08-24",2001-08-24,7.50588235294118,5.71603780912042,21,NA,57.5,2010-05-30,NA,8,"707DBD4","LA+TUQUE",1994,2026
"FWI","08-25",2001-08-25,8.55882352941176,7.79246902652887,25.3,NA,57.5,2010-05-30,NA,8,"707DBD4","LA+TUQUE",1994,2026
"FWI","08-26",2001-08-26,8.02941176470588,7.00925858292822,32.1,NA,57.5,2010-05-30,NA,8,"707DBD4","LA+TUQUE",1994,2026
"FWI","08-27",2001-08-27,7.56470588235294,8.36360726424838,28.1,NA,57.5,2010-05-30,NA,8,"707DBD4","LA+TUQUE",1994,2026
"FWI","08-28",2001-08-28,8.76470588235294,9.95150372911492,36.2,NA,57.5,2010-05-30,NA,8,"707DBD4","LA+TUQUE",1994,2026
"FWI","08-29",2001-08-29,10.0235294117647,9.36606436902426,29.2,NA,57.5,2010-05-30,NA,8,"707DBD4","LA+TUQUE",1994,2026
"FWI","08-30",2001-08-30,8.68235294117647,9.07876886574645,30.1,NA,57.5,2010-05-30,NA,8,"707DBD4","LA+TUQUE",1994,2026
"FWI","08-31",2001-08-31,7.60588235294118,9.22669161917175,28.5,NA,57.5,2010-05-30,NA,8,"707DBD4","LA+TUQUE",1994,2026
"FWI","09-01",2001-09-01,8.34705882352941,8.33629996214289,26.6,NA,57.5,2010-05-30,NA,9,"707DBD4","LA+TUQUE",1994,2026
"FWI","09-02",2001-09-02,6.49411764705882,7.42743820137833,25.3,NA,57.5,2010-05-30,NA,9,"707DBD4","LA+TUQUE",1994,2026
"FWI","09-03",2001-09-03,6.64705882352941,8.43142319296236,29.1,NA,57.5,2010-05-30,NA,9,"707DBD4","LA+TUQUE",1994,2026
"FWI","09-04",2001-09-04,6.26470588235294,8.75385209325519,33.9,NA,57.5,2010-05-30,NA,9,"707DBD4","LA+TUQUE",1994,2026
"FWI","09-05",2001-09-05,6.84117647058824,8.58181644696574,35.1,NA,57.5,2010-05-30,NA,9,"707DBD4","LA+TUQUE",1994,2026
"FWI","09-06",2001-09-06,5.55882352941176,6.42310855656447,21.8,NA,57.5,2010-05-30,NA,9,"707DBD4","LA+TUQUE",1994,2026
"FWI","09-07",2001-09-07,4.18823529411765,5.03970266396505,19.1,NA,57.5,2010-05-30,NA,9,"707DBD4","LA+TUQUE",1994,2026
"FWI","09-08",2001-09-08,2.28823529411765,3.23204315274046,9.3,NA,57.5,2010-05-30,NA,9,"707DBD4","LA+TUQUE",1994,2026
"FWI","09-09",2001-09-09,3.08823529411765,4.00482246063124,10.9,NA,57.5,2010-05-30,NA,9,"707DBD4","LA+TUQUE",1994,2026
"FWI","09-10",2001-09-10,4.14705882352941,4.45394735698835,13.9,NA,57.5,2010-05-30,NA,9,"707DBD4","LA+TUQUE",1994,2026
"FWI","09-11",2001-09-11,3.33529411764706,3.5629940317924,15.4,NA,57.5,2010-05-30,NA,9,"707DBD4","LA+TUQUE",1994,2026
"FWI","09-12",2001-09-12,4.64705882352941,7.15044733277741,29.4,NA,57.5,2010-05-30,NA,9,"707DBD4","LA+TUQUE",1994,2026
"FWI","09-13",2001-09-13,4.08235294117647,4.38708834167345,12.8,NA,57.5,2010-05-30,NA,9,"707DBD4","LA+TUQUE",1994,2026
"FWI","09-14",2001-09-14,1.91764705882353,2.93603373918745,8.3,NA,57.5,2010-05-30,NA,9,"707DBD4","LA+TUQUE",1994,2026
"FWI","09-15",2001-09-15,2.04117647058824,2.95424669406801,9.1,NA,57.5,2010-05-30,NA,9,"707DBD4","LA+TUQUE",1994,2026
"FWI","09-16",2001-09-16,3.28235294117647,3.96472497377145,11.5,NA,57.5,2010-05-30,NA,9,"707DBD4","LA+TUQUE",1994,2026
"FWI","09-17",2001-09-17,3.3,4.25485017362539,16.3,NA,57.5,2010-05-30,NA,9,"707DBD4","LA+TUQUE",1994,2026
"FWI","09-18",2001-09-18,4.3,4.00452868637497,16,NA,57.5,2010-05-30,NA,9,"707DBD4","LA+TUQUE",1994,2026
"FWI","09-19",2001-09-19,4.84117647058823,4.84343096672305,13.7,NA,57.5,2010-05-30,NA,9,"707DBD4","LA+TUQUE",1994,2026
"FWI","09-20",2001-09-20,3.31764705882353,4.11752888485886,13.1,NA,57.5,2010-05-30,NA,9,"707DBD4","LA+TUQUE",1994,2026
"FWI","09-21",2001-09-21,4.29411764705882,4.76530043494575,16.7,NA,57.5,2010-05-30,NA,9,"707DBD4","LA+TUQUE",1994,2026
"FWI","09-22",2001-09-22,2.87058823529412,3.94077478198805,13.7,NA,57.5,2010-05-30,NA,9,"707DBD4","LA+TUQUE",1994,2026
"FWI","09-23",2001-09-23,3.19411764705882,4.08189150214629,13.3,NA,57.5,2010-05-30,NA,9,"707DBD4","LA+TUQUE",1994,2026
"FWI","09-24",2001-09-24,3.81176470588235,5.09814701054966,17.8,NA,57.5,2010-05-30,NA,9,"707DBD4","LA+TUQUE",1994,2026
"FWI","09-25",2001-09-25,3.69411764705882,4.11088046959458,15.2,NA,57.5,2010-05-30,NA,9,"707DBD4","LA+TUQUE",1994,2026
"FWI","09-26",2001-09-26,3.97647058823529,4.21597103461419,14.3,NA,57.5,2010-05-30,NA,9,"707DBD4","LA+TUQUE",1994,2026
"FWI","09-27",2001-09-27,4.14117647058824,5.09865899324634,13.9,NA,57.5,2010-05-30,NA,9,"707DBD4","LA+TUQUE",1994,2026
"FWI","09-28",2001-09-28,3.68235294117647,3.60524536164282,9.2,NA,57.5,2010-05-30,NA,9,"707DBD4","LA+TUQUE",1994,2026
"FWI","09-29",2001-09-29,3.2,4.00421652761186,11.5,NA,57.5,2010-05-30,NA,9,"707DBD4","LA+TUQUE",1994,2026
"FWI","09-30",2001-09-30,1.74117647058824,2.9588973502661,9.3,NA,57.5,2010-05-30,NA,9,"707DBD4","LA+TUQUE",1994,2026
"FWI","10-01",2001-10-01,2.01875,3.59726169004517,16.9,NA,57.5,2010-05-30,NA,10,"707DBD4","LA+TUQUE",1994,2026
"FWI","10-02",2001-10-02,3.85625,5.76124624828113,18.1,NA,57.5,2010-05-30,NA,10,"707DBD4","LA+TUQUE",1994,2026
"FWI","10-03",2001-10-03,3.97333333333333,4.6759974744382,14.7,NA,57.5,2010-05-30,NA,10,"707DBD4","LA+TUQUE",1994,2026
"FWI","10-04",2001-10-04,2.85625,3.17090286826954,13.4,NA,57.5,2010-05-30,NA,10,"707DBD4","LA+TUQUE",1994,2026
"FWI","10-05",2001-10-05,3.90625,4.72898421087094,16.3,NA,57.5,2010-05-30,NA,10,"707DBD4","LA+TUQUE",1994,2026
"FWI","10-06",2001-10-06,3.1,3.19620310457804,17.1,NA,57.5,2010-05-30,NA,10,"707DBD4","LA+TUQUE",1994,2026
"FWI","10-07",2001-10-07,3.1,3.85632597169897,10.6,NA,57.5,2010-05-30,NA,10,"707DBD4","LA+TUQUE",1994,2026
"FWI","10-08",2001-10-08,2.31333333333333,3.04158479994198,10.1,NA,57.5,2010-05-30,NA,10,"707DBD4","LA+TUQUE",1994,2026
"FWI","10-09",2001-10-09,1.95333333333333,2.64787425971063,7.9,NA,57.5,2010-05-30,NA,10,"707DBD4","LA+TUQUE",1994,2026
"FWI","10-10",2001-10-10,2.76470588235294,4.66609327709897,18,NA,57.5,2010-05-30,NA,10,"707DBD4","LA+TUQUE",1994,2026
"FWI","10-11",2001-10-11,2.54705882352941,2.99585497960491,8.5,NA,57.5,2010-05-30,NA,10,"707DBD4","LA+TUQUE",1994,2026
"FWI","10-12",2001-10-12,3.22,3.07831122533119,9.8,NA,57.5,2010-05-30,NA,10,"707DBD4","LA+TUQUE",1994,2026
"FWI","10-13",2001-10-13,3.43529411764706,3.24768016753316,9.4,NA,57.5,2010-05-30,NA,10,"707DBD4","LA+TUQUE",1994,2026
"FWI","10-14",2001-10-14,2.22352941176471,3.93661171119351,13.1,NA,57.5,2010-05-30,NA,10,"707DBD4","LA+TUQUE",1994,2026
"FWI","10-15",2001-10-15,1.31764705882353,3.03546439900834,12.2,NA,57.5,2010-05-30,NA,10,"707DBD4","LA+TUQUE",1994,2026
"FWI","10-16",2001-10-16,1.51764705882353,3.80283369576518,11.9,NA,57.5,2010-05-30,NA,10,"707DBD4","LA+TUQUE",1994,2026
"FWI","10-17",2001-10-17,1.74285714285714,3.81791612224306,11.5,NA,57.5,2010-05-30,NA,10,"707DBD4","LA+TUQUE",1994,2026
"FWI","10-18",2001-10-18,1.91538461538462,3.17118436178193,10.9,NA,57.5,2010-05-30,NA,10,"707DBD4","LA+TUQUE",1994,2026
"FWI","10-19",2001-10-19,2.65714285714286,4.12379852632428,12.6,NA,57.5,2010-05-30,NA,10,"707DBD4","LA+TUQUE",1994,2026
"FWI","10-20",2001-10-20,1.625,2.72824730061872,10.7,NA,57.5,2010-05-30,NA,10,"707DBD4","LA+TUQUE",1994,2026
"FWI","10-21",2001-10-21,1.1,2.52312382695615,9.6,NA,57.5,2010-05-30,NA,10,"707DBD4","LA+TUQUE",1994,2026
"FWI","10-22",2001-10-22,2.03125,3.64832724226688,12.4,NA,57.5,2010-05-30,NA,10,"707DBD4","LA+TUQUE",1994,2026
"FWI","10-23",2001-10-23,0.98,2.06369986743643,10.5,NA,57.5,2010-05-30,NA,10,"707DBD4","LA+TUQUE",1994,2026
"FWI","10-24",2001-10-24,1.09333333333333,1.60199280659463,4.5,NA,57.5,2010-05-30,NA,10,"707DBD4","LA+TUQUE",1994,2026
"FWI","10-25",2001-10-25,1.33571428571429,2.39955352990033,8,NA,57.5,2010-05-30,NA,10,"707DBD4","LA+TUQUE",1994,2026
"FWI","10-26",2001-10-26,1.04615384615385,1.76286480130846,5.2,NA,57.5,2010-05-30,NA,10,"707DBD4","LA+TUQUE",1994,2026
"FWI","10-27",2001-10-27,0.608333333333333,1.02288214315623,3.9,NA,57.5,2010-05-30,NA,10,"707DBD4","LA+TUQUE",1994,2026
"FWI","10-28",2001-10-28,1.36666666666667,2.43259121103403,5.8,NA,57.5,2010-05-30,NA,10,"707DBD4","LA+TUQUE",1994,2026
"FWI","10-29",2001-10-29,0.863636363636364,1.40873895897908,4.3,NA,57.5,2010-05-30,NA,10,"707DBD4","LA+TUQUE",1994,2026
"FWI","10-30",2001-10-30,2.13636363636364,4.26902160389772,13.2,NA,57.5,2010-05-30,NA,10,"707DBD4","LA+TUQUE",1994,2026
"FWI","10-31",2001-10-31,1.125,2.19007501502313,6.3,NA,57.5,2010-05-30,NA,10,"707DBD4","LA+TUQUE",1994,2026
"ISI","04-01",2001-04-01,0.8,NA,0.8,NA,31.7,2010-05-30,NA,4,"707DBD4","LA+TUQUE",1994,2026
"ISI","04-02",2001-04-02,3.4,NA,3.4,NA,31.7,2010-05-30,NA,4,"707DBD4","LA+TUQUE",1994,2026
"ISI","04-03",2001-04-03,8.7,NA,8.7,NA,31.7,2010-05-30,NA,4,"707DBD4","LA+TUQUE",1994,2026
"ISI","04-04",2001-04-04,9.5,NA,9.5,NA,31.7,2010-05-30,NA,4,"707DBD4","LA+TUQUE",1994,2026
"ISI","04-05",2001-04-05,1,NA,1,NA,31.7,2010-05-30,NA,4,"707DBD4","LA+TUQUE",1994,2026
"ISI","04-06",2001-04-06,0.3,NA,0.3,NA,31.7,2010-05-30,NA,4,"707DBD4","LA+TUQUE",1994,2026
"ISI","04-07",2001-04-07,0.5,NA,4,NA,31.7,2010-05-30,NA,4,"707DBD4","LA+TUQUE",1994,2026
"ISI","04-08",2001-04-08,0.8,NA,4.8,NA,31.7,2010-05-30,NA,4,"707DBD4","LA+TUQUE",1994,2026
"ISI","04-09",2001-04-09,NA,NA,5.9,NA,31.7,2010-05-30,NA,4,"707DBD4","LA+TUQUE",1994,2026
"ISI","04-10",2001-04-10,0.1,NA,7.6,NA,31.7,2010-05-30,NA,4,"707DBD4","LA+TUQUE",1994,2026
"ISI","04-11",2001-04-11,1.3,NA,3.2,NA,31.7,2010-05-30,NA,4,"707DBD4","LA+TUQUE",1994,2026
"ISI","04-12",2001-04-12,1.2,0.989949493661166,4.9,NA,31.7,2010-05-30,NA,4,"707DBD4","LA+TUQUE",1994,2026
"ISI","04-13",2001-04-13,4.8,2.12132034355964,6.3,NA,31.7,2010-05-30,NA,4,"707DBD4","LA+TUQUE",1994,2026
"ISI","04-14",2001-04-14,10.9,1.5556349186104,12,NA,31.7,2010-05-30,NA,4,"707DBD4","LA+TUQUE",1994,2026
"ISI","04-15",2001-04-15,6.05,3.60624458405139,10.2,NA,31.7,2010-05-30,NA,4,"707DBD4","LA+TUQUE",1994,2026
"ISI","04-16",2001-04-16,3.73333333333333,2.40069434400411,10,NA,31.7,2010-05-30,NA,4,"707DBD4","LA+TUQUE",1994,2026
"ISI","04-17",2001-04-17,4.7,5.42954878419929,9.6,0,31.7,2010-05-30,NA,4,"707DBD4","LA+TUQUE",1994,2026
"ISI","04-18",2001-04-18,2.525,2.74514723345276,7.2,2.4,31.7,2010-05-30,NA,4,"707DBD4","LA+TUQUE",1994,2026
"ISI","04-19",2001-04-19,4.2,3.84274207652123,9,0.4,31.7,2010-05-30,NA,4,"707DBD4","LA+TUQUE",1994,2026
"ISI","04-20",2001-04-20,4.75,1.43874945699382,6.2,1,31.7,2010-05-30,NA,4,"707DBD4","LA+TUQUE",1994,2026
"ISI","04-21",2001-04-21,3.32,2.96260020927563,7.2,NA,31.7,2010-05-30,NA,4,"707DBD4","LA+TUQUE",1994,2026
"ISI","04-22",2001-04-22,3.72,6.05243752549334,14.1,NA,31.7,2010-05-30,NA,4,"707DBD4","LA+TUQUE",1994,2026
"ISI","04-23",2001-04-23,5.35,6.54751861394834,13.5,NA,31.7,2010-05-30,NA,4,"707DBD4","LA+TUQUE",1994,2026
"ISI","04-24",2001-04-24,4.16666666666667,4.7394795776189,10.6,NA,31.7,2010-05-30,NA,4,"707DBD4","LA+TUQUE",1994,2026
"ISI","04-25",2001-04-25,1.08,0.69065186599328,13.8,NA,31.7,2010-05-30,NA,4,"707DBD4","LA+TUQUE",1994,2026
"ISI","04-26",2001-04-26,2.41666666666667,2.64379777340603,8.7,NA,31.7,2010-05-30,NA,4,"707DBD4","LA+TUQUE",1994,2026
"ISI","04-27",2001-04-27,2.52857142857143,2.71091269115175,15.6,NA,31.7,2010-05-30,NA,4,"707DBD4","LA+TUQUE",1994,2026
"ISI","04-28",2001-04-28,3.4875,3.23659322657107,8.3,NA,31.7,2010-05-30,NA,4,"707DBD4","LA+TUQUE",1994,2026
"ISI","04-29",2001-04-29,6.81428571428571,5.46791507231918,13.6,NA,31.7,2010-05-30,NA,4,"707DBD4","LA+TUQUE",1994,2026
"ISI","04-30",2001-04-30,7.11111111111111,5.13747127594025,17.8,NA,31.7,2010-05-30,NA,4,"707DBD4","LA+TUQUE",1994,2026
"ISI","05-01",2001-05-01,6.62727272727273,5.4638980424402,13.1,NA,31.7,2010-05-30,NA,5,"707DBD4","LA+TUQUE",1994,2026
"ISI","05-02",2001-05-02,4.64545454545455,4.35117538979151,13.6,NA,31.7,2010-05-30,NA,5,"707DBD4","LA+TUQUE",1994,2026
"ISI","05-03",2001-05-03,4.475,5.23886264547772,14.4,NA,31.7,2010-05-30,NA,5,"707DBD4","LA+TUQUE",1994,2026
"ISI","05-04",2001-05-04,6.60714285714286,8.55978650755643,29.4,NA,31.7,2010-05-30,NA,5,"707DBD4","LA+TUQUE",1994,2026
"ISI","05-05",2001-05-05,3.37857142857143,4.25588797051596,12.9,NA,31.7,2010-05-30,NA,5,"707DBD4","LA+TUQUE",1994,2026
"ISI","05-06",2001-05-06,5.55714285714286,6.96692342271838,23.9,NA,31.7,2010-05-30,NA,5,"707DBD4","LA+TUQUE",1994,2026
"ISI","05-07",2001-05-07,6.57333333333333,8.02108530834884,29.1,NA,31.7,2010-05-30,NA,5,"707DBD4","LA+TUQUE",1994,2026
"ISI","05-08",2001-05-08,5.22666666666667,5.4016487782722,18.4,NA,31.7,2010-05-30,NA,5,"707DBD4","LA+TUQUE",1994,2026
"ISI","05-09",2001-05-09,4.78125,4.42345547432472,16.3,NA,31.7,2010-05-30,NA,5,"707DBD4","LA+TUQUE",1994,2026
"ISI","05-10",2001-05-10,3.68,4.36007863625024,20.5,NA,31.7,2010-05-30,NA,5,"707DBD4","LA+TUQUE",1994,2026
"ISI","05-11",2001-05-11,3.3,3.85227205685164,13.7,NA,31.7,2010-05-30,NA,5,"707DBD4","LA+TUQUE",1994,2026
"ISI","05-12",2001-05-12,4.62666666666667,5.35329893839393,19.1,NA,31.7,2010-05-30,NA,5,"707DBD4","LA+TUQUE",1994,2026
"ISI","05-13",2001-05-13,6.92666666666666,5.88174739180053,24.2,NA,31.7,2010-05-30,NA,5,"707DBD4","LA+TUQUE",1994,2026
"ISI","05-14",2001-05-14,6.95,6.86051504383356,23.4,NA,31.7,2010-05-30,NA,5,"707DBD4","LA+TUQUE",1994,2026
"ISI","05-15",2001-05-15,5.9125,4.18343957368416,14.3,NA,31.7,2010-05-30,NA,5,"707DBD4","LA+TUQUE",1994,2026
"ISI","05-16",2001-05-16,7.6125,9.26094847554324,29.3,NA,31.7,2010-05-30,NA,5,"707DBD4","LA+TUQUE",1994,2026
"ISI","05-17",2001-05-17,6.1125,7.36911346997272,27.9,NA,31.7,2010-05-30,NA,5,"707DBD4","LA+TUQUE",1994,2026
"ISI","05-18",2001-05-18,5.9,7.03723430522721,27.2,NA,31.7,2010-05-30,NA,5,"707DBD4","LA+TUQUE",1994,2026
"ISI","05-19",2001-05-19,4.625,4.85901224530254,12.6,NA,31.7,2010-05-30,NA,5,"707DBD4","LA+TUQUE",1994,2026
"ISI","05-20",2001-05-20,4.9,5.96433846569201,17.5,NA,31.7,2010-05-30,NA,5,"707DBD4","LA+TUQUE",1994,2026
"ISI","05-21",2001-05-21,7.04375,8.07018948559037,23,NA,31.7,2010-05-30,NA,5,"707DBD4","LA+TUQUE",1994,2026
"ISI","05-22",2001-05-22,5.2125,5.67707377675037,17.9,NA,31.7,2010-05-30,NA,5,"707DBD4","LA+TUQUE",1994,2026
"ISI","05-23",2001-05-23,4.71875,5.80324262804856,18,NA,31.7,2010-05-30,NA,5,"707DBD4","LA+TUQUE",1994,2026
"ISI","05-24",2001-05-24,5.3625,5.63049731373704,16.5,NA,31.7,2010-05-30,NA,5,"707DBD4","LA+TUQUE",1994,2026
"ISI","05-25",2001-05-25,5.93125,5.15580174819268,14.9,NA,31.7,2010-05-30,NA,5,"707DBD4","LA+TUQUE",1994,2026
"ISI","05-26",2001-05-26,4.95625,5.7134891557903,17.9,NA,31.7,2010-05-30,NA,5,"707DBD4","LA+TUQUE",1994,2026
"ISI","05-27",2001-05-27,4.69375,5.48008135584379,17.1,NA,31.7,2010-05-30,NA,5,"707DBD4","LA+TUQUE",1994,2026
"ISI","05-28",2001-05-28,4.18125,3.50242178118703,25,NA,31.7,2010-05-30,NA,5,"707DBD4","LA+TUQUE",1994,2026
"ISI","05-29",2001-05-29,3.92352941176471,3.8601375318382,15.8,NA,31.7,2010-05-30,NA,5,"707DBD4","LA+TUQUE",1994,2026
"ISI","05-30",2001-05-30,5.07058823529412,8.00638531937809,31.7,NA,31.7,2010-05-30,NA,5,"707DBD4","LA+TUQUE",1994,2026
"ISI","05-31",2001-05-31,4.74705882352941,5.78793115532861,18,NA,31.7,2010-05-30,NA,5,"707DBD4","LA+TUQUE",1994,2026
"ISI","06-01",2001-06-01,4.94117647058824,5.42206819667659,18.6,NA,31.7,2010-05-30,NA,6,"707DBD4","LA+TUQUE",1994,2026
"ISI","06-02",2001-06-02,3.85294117647059,5.2361863086433,17.4,NA,31.7,2010-05-30,NA,6,"707DBD4","LA+TUQUE",1994,2026
"ISI","06-03",2001-06-03,4.58235294117647,6.15032878126422,19.5,NA,31.7,2010-05-30,NA,6,"707DBD4","LA+TUQUE",1994,2026
"ISI","06-04",2001-06-04,3.85294117647059,4.50626198293259,15.7,NA,31.7,2010-05-30,NA,6,"707DBD4","LA+TUQUE",1994,2026
"ISI","06-05",2001-06-05,4.88235294117647,5.28148124276202,16.9,NA,31.7,2010-05-30,NA,6,"707DBD4","LA+TUQUE",1994,2026
"ISI","06-06",2001-06-06,3.38823529411765,3.79421967487077,14.5,NA,31.7,2010-05-30,NA,6,"707DBD4","LA+TUQUE",1994,2026
"ISI","06-07",2001-06-07,3.24705882352941,2.9828923981303,21.5,NA,31.7,2010-05-30,NA,6,"707DBD4","LA+TUQUE",1994,2026
"ISI","06-08",2001-06-08,4.64705882352941,3.99939333634784,13.6,NA,31.7,2010-05-30,NA,6,"707DBD4","LA+TUQUE",1994,2026
"ISI","06-09",2001-06-09,6.43529411764706,4.36576756946453,16.7,NA,31.7,2010-05-30,NA,6,"707DBD4","LA+TUQUE",1994,2026
"ISI","06-10",2001-06-10,8.37058823529412,5.38444109284826,20.4,NA,31.7,2010-05-30,NA,6,"707DBD4","LA+TUQUE",1994,2026
"ISI","06-11",2001-06-11,6.99411764705882,6.83972501167219,26.9,NA,31.7,2010-05-30,NA,6,"707DBD4","LA+TUQUE",1994,2026
"ISI","06-12",2001-06-12,4.31176470588235,4.67237658383573,17,NA,31.7,2010-05-30,NA,6,"707DBD4","LA+TUQUE",1994,2026
"ISI","06-13",2001-06-13,4.96470588235294,5.02878479064159,17.9,NA,31.7,2010-05-30,NA,6,"707DBD4","LA+TUQUE",1994,2026
"ISI","06-14",2001-06-14,5.37647058823529,5.40965911723704,15.3,NA,31.7,2010-05-30,NA,6,"707DBD4","LA+TUQUE",1994,2026
"ISI","06-15",2001-06-15,6.41176470588235,5.71608283190302,19.9,NA,31.7,2010-05-30,NA,6,"707DBD4","LA+TUQUE",1994,2026
"ISI","06-16",2001-06-16,6.04117647058823,4.7349840051907,16.7,NA,31.7,2010-05-30,NA,6,"707DBD4","LA+TUQUE",1994,2026
"ISI","06-17",2001-06-17,4.68235294117647,4.66050363347644,14,NA,31.7,2010-05-30,NA,6,"707DBD4","LA+TUQUE",1994,2026
"ISI","06-18",2001-06-18,4.29411764705882,4.34819942450828,12.7,NA,31.7,2010-05-30,NA,6,"707DBD4","LA+TUQUE",1994,2026
"ISI","06-19",2001-06-19,5.92352941176471,4.64805462152779,14.4,NA,31.7,2010-05-30,NA,6,"707DBD4","LA+TUQUE",1994,2026
"ISI","06-20",2001-06-20,6.86470588235294,5.34368098510645,18.7,NA,31.7,2010-05-30,NA,6,"707DBD4","LA+TUQUE",1994,2026
"ISI","06-21",2001-06-21,4.54117647058824,4.06787088406352,14.7,NA,31.7,2010-05-30,NA,6,"707DBD4","LA+TUQUE",1994,2026
"ISI","06-22",2001-06-22,5.64705882352941,3.77046377237914,12.4,NA,31.7,2010-05-30,NA,6,"707DBD4","LA+TUQUE",1994,2026
"ISI","06-23",2001-06-23,7.94705882352941,6.53520443894631,22.4,NA,31.7,2010-05-30,NA,6,"707DBD4","LA+TUQUE",1994,2026
"ISI","06-24",2001-06-24,4.66470588235294,4.10593186385116,15.4,NA,31.7,2010-05-30,NA,6,"707DBD4","LA+TUQUE",1994,2026
"ISI","06-25",2001-06-25,3.31764705882353,4.21696503633206,14.3,NA,31.7,2010-05-30,NA,6,"707DBD4","LA+TUQUE",1994,2026
"ISI","06-26",2001-06-26,4.51764705882353,5.00789817365001,16.5,NA,31.7,2010-05-30,NA,6,"707DBD4","LA+TUQUE",1994,2026
"ISI","06-27",2001-06-27,4.03529411764706,3.94856638168693,11,NA,31.7,2010-05-30,NA,6,"707DBD4","LA+TUQUE",1994,2026
"ISI","06-28",2001-06-28,3.86470588235294,3.94999069246856,11.7,NA,31.7,2010-05-30,NA,6,"707DBD4","LA+TUQUE",1994,2026
"ISI","06-29",2001-06-29,3.06470588235294,4.13777433780387,11.7,NA,31.7,2010-05-30,NA,6,"707DBD4","LA+TUQUE",1994,2026
"ISI","06-30",2001-06-30,1.84117647058824,2.61009071287029,11.2,NA,31.7,2010-05-30,NA,6,"707DBD4","LA+TUQUE",1994,2026
"ISI","07-01",2001-07-01,3.19411764705882,3.33212968464526,12.4,NA,31.7,2010-05-30,NA,7,"707DBD4","LA+TUQUE",1994,2026
"ISI","07-02",2001-07-02,4.04117647058823,3.15179687312044,9.7,NA,31.7,2010-05-30,NA,7,"707DBD4","LA+TUQUE",1994,2026
"ISI","07-03",2001-07-03,3.74117647058824,3.64023674084691,12.8,NA,31.7,2010-05-30,NA,7,"707DBD4","LA+TUQUE",1994,2026
"ISI","07-04",2001-07-04,5.27647058823529,4.61837761174916,15,NA,31.7,2010-05-30,NA,7,"707DBD4","LA+TUQUE",1994,2026
"ISI","07-05",2001-07-05,5.54705882352941,4.47522592265726,14.9,NA,31.7,2010-05-30,NA,7,"707DBD4","LA+TUQUE",1994,2026
"ISI","07-06",2001-07-06,4.45882352941176,4.37607969870428,15.9,NA,31.7,2010-05-30,NA,7,"707DBD4","LA+TUQUE",1994,2026
"ISI","07-07",2001-07-07,3.67058823529412,2.78382935582498,8.5,NA,31.7,2010-05-30,NA,7,"707DBD4","LA+TUQUE",1994,2026
"ISI","07-08",2001-07-08,3.58823529411765,3.21983740912122,10.1,NA,31.7,2010-05-30,NA,7,"707DBD4","LA+TUQUE",1994,2026
"ISI","07-09",2001-07-09,4.59411764705882,4.82616185340837,15,NA,31.7,2010-05-30,NA,7,"707DBD4","LA+TUQUE",1994,2026
"ISI","07-10",2001-07-10,3.59411764705882,3.6425387074531,11.9,NA,31.7,2010-05-30,NA,7,"707DBD4","LA+TUQUE",1994,2026
"ISI","07-11",2001-07-11,4.72352941176471,3.51577328118664,13.1,NA,31.7,2010-05-30,NA,7,"707DBD4","LA+TUQUE",1994,2026
"ISI","07-12",2001-07-12,6.01176470588235,5.28167614883537,19.9,NA,31.7,2010-05-30,NA,7,"707DBD4","LA+TUQUE",1994,2026
"ISI","07-13",2001-07-13,4.85882352941176,3.89760484521094,12.6,NA,31.7,2010-05-30,NA,7,"707DBD4","LA+TUQUE",1994,2026
"ISI","07-14",2001-07-14,4.08823529411765,3.20933839617708,10.1,NA,31.7,2010-05-30,NA,7,"707DBD4","LA+TUQUE",1994,2026
"ISI","07-15",2001-07-15,5.31176470588235,3.90030164745965,10.9,NA,31.7,2010-05-30,NA,7,"707DBD4","LA+TUQUE",1994,2026
"ISI","07-16",2001-07-16,4.05882352941176,2.87490409047185,9,NA,31.7,2010-05-30,NA,7,"707DBD4","LA+TUQUE",1994,2026
"ISI","07-17",2001-07-17,3.40588235294118,3.47787122178124,13,NA,31.7,2010-05-30,NA,7,"707DBD4","LA+TUQUE",1994,2026
"ISI","07-18",2001-07-18,3.34705882352941,3.07573520622688,12.2,NA,31.7,2010-05-30,NA,7,"707DBD4","LA+TUQUE",1994,2026
"ISI","07-19",2001-07-19,3.9,4.22877050689677,12,NA,31.7,2010-05-30,NA,7,"707DBD4","LA+TUQUE",1994,2026
"ISI","07-20",2001-07-20,4.08235294117647,4.35563360691037,14,NA,31.7,2010-05-30,NA,7,"707DBD4","LA+TUQUE",1994,2026
"ISI","07-21",2001-07-21,4.15882352941177,3.45145962303078,10.6,NA,31.7,2010-05-30,NA,7,"707DBD4","LA+TUQUE",1994,2026
"ISI","07-22",2001-07-22,5.15294117647059,3.81217091154417,13.3,NA,31.7,2010-05-30,NA,7,"707DBD4","LA+TUQUE",1994,2026
"ISI","07-23",2001-07-23,4.21176470588235,2.46826921975227,9.2,NA,31.7,2010-05-30,NA,7,"707DBD4","LA+TUQUE",1994,2026
"ISI","07-24",2001-07-24,3.40588235294118,2.71119682710314,14.5,NA,31.7,2010-05-30,NA,7,"707DBD4","LA+TUQUE",1994,2026
"ISI","07-25",2001-07-25,4.38823529411765,3.85160394396626,9.6,NA,31.7,2010-05-30,NA,7,"707DBD4","LA+TUQUE",1994,2026
"ISI","07-26",2001-07-26,3.64117647058824,4.19062328650665,13.9,NA,31.7,2010-05-30,NA,7,"707DBD4","LA+TUQUE",1994,2026
"ISI","07-27",2001-07-27,3.11176470588235,3.84738260914826,13.9,NA,31.7,2010-05-30,NA,7,"707DBD4","LA+TUQUE",1994,2026
"ISI","07-28",2001-07-28,3.61764705882353,2.87646382171705,9.5,NA,31.7,2010-05-30,NA,7,"707DBD4","LA+TUQUE",1994,2026
"ISI","07-29",2001-07-29,5,4.8162485400984,18.3,NA,31.7,2010-05-30,NA,7,"707DBD4","LA+TUQUE",1994,2026
"ISI","07-30",2001-07-30,5.04705882352941,3.96155235467405,14.4,NA,31.7,2010-05-30,NA,7,"707DBD4","LA+TUQUE",1994,2026
"ISI","07-31",2001-07-31,5.51764705882353,4.42510385388265,19.3,NA,31.7,2010-05-30,NA,7,"707DBD4","LA+TUQUE",1994,2026
"ISI","08-01",2001-08-01,5.12941176470588,3.8879243668509,12.7,NA,31.7,2010-05-30,NA,8,"707DBD4","LA+TUQUE",1994,2026
"ISI","08-02",2001-08-02,4.68235294117647,3.87350540436528,13.4,NA,31.7,2010-05-30,NA,8,"707DBD4","LA+TUQUE",1994,2026
"ISI","08-03",2001-08-03,3.37647058823529,3.28472400129842,9.8,NA,31.7,2010-05-30,NA,8,"707DBD4","LA+TUQUE",1994,2026
"ISI","08-04",2001-08-04,3.51176470588235,3.21731300018765,8.2,NA,31.7,2010-05-30,NA,8,"707DBD4","LA+TUQUE",1994,2026
"ISI","08-05",2001-08-05,4.2,4.05817077018698,12.3,NA,31.7,2010-05-30,NA,8,"707DBD4","LA+TUQUE",1994,2026
"ISI","08-06",2001-08-06,3.62352941176471,3.45859968263254,11.6,NA,31.7,2010-05-30,NA,8,"707DBD4","LA+TUQUE",1994,2026
"ISI","08-07",2001-08-07,4.44705882352941,3.65515349319608,14.9,NA,31.7,2010-05-30,NA,8,"707DBD4","LA+TUQUE",1994,2026
"ISI","08-08",2001-08-08,3.77647058823529,3.2892874250673,10.4,NA,31.7,2010-05-30,NA,8,"707DBD4","LA+TUQUE",1994,2026
"ISI","08-09",2001-08-09,3.91764705882353,3.14865751037598,12.7,NA,31.7,2010-05-30,NA,8,"707DBD4","LA+TUQUE",1994,2026
"ISI","08-10",2001-08-10,4.61176470588235,3.57541647101096,13.3,NA,31.7,2010-05-30,NA,8,"707DBD4","LA+TUQUE",1994,2026
"ISI","08-11",2001-08-11,4.94117647058824,3.67917429994989,12.8,NA,31.7,2010-05-30,NA,8,"707DBD4","LA+TUQUE",1994,2026
"ISI","08-12",2001-08-12,3.72941176470588,3.69268951881321,12,NA,31.7,2010-05-30,NA,8,"707DBD4","LA+TUQUE",1994,2026
"ISI","08-13",2001-08-13,2.39411764705882,2.39072964496074,9.3,NA,31.7,2010-05-30,NA,8,"707DBD4","LA+TUQUE",1994,2026
"ISI","08-14",2001-08-14,3.08235294117647,3.29397846344615,11.6,NA,31.7,2010-05-30,NA,8,"707DBD4","LA+TUQUE",1994,2026
"ISI","08-15",2001-08-15,2.67647058823529,3.75674882906828,13.8,NA,31.7,2010-05-30,NA,8,"707DBD4","LA+TUQUE",1994,2026
"ISI","08-16",2001-08-16,3.15882352941177,3.36416015216454,11.2,NA,31.7,2010-05-30,NA,8,"707DBD4","LA+TUQUE",1994,2026
"ISI","08-17",2001-08-17,2.75882352941177,2.23720216552098,8,NA,31.7,2010-05-30,NA,8,"707DBD4","LA+TUQUE",1994,2026
"ISI","08-18",2001-08-18,3.31176470588235,3.4159336851257,12.4,NA,31.7,2010-05-30,NA,8,"707DBD4","LA+TUQUE",1994,2026
"ISI","08-19",2001-08-19,4.14705882352941,3.13670162094254,11.5,NA,31.7,2010-05-30,NA,8,"707DBD4","LA+TUQUE",1994,2026
"ISI","08-20",2001-08-20,4.85294117647059,4.25912515181505,16.7,NA,31.7,2010-05-30,NA,8,"707DBD4","LA+TUQUE",1994,2026
"ISI","08-21",2001-08-21,3.38823529411765,3.56017597053523,15.2,NA,31.7,2010-05-30,NA,8,"707DBD4","LA+TUQUE",1994,2026
"ISI","08-22",2001-08-22,2.25882352941177,2.16363664449735,7.4,NA,31.7,2010-05-30,NA,8,"707DBD4","LA+TUQUE",1994,2026
"ISI","08-23",2001-08-23,3.21764705882353,3.74052725129053,14.1,NA,31.7,2010-05-30,NA,8,"707DBD4","LA+TUQUE",1994,2026
"ISI","08-24",2001-08-24,4.01176470588235,2.30945944783113,7.8,NA,31.7,2010-05-30,NA,8,"707DBD4","LA+TUQUE",1994,2026
"ISI","08-25",2001-08-25,4.38823529411765,3.37692211061737,12.3,NA,31.7,2010-05-30,NA,8,"707DBD4","LA+TUQUE",1994,2026
"ISI","08-26",2001-08-26,3.94117647058824,3.22975595508573,12.8,NA,31.7,2010-05-30,NA,8,"707DBD4","LA+TUQUE",1994,2026
"ISI","08-27",2001-08-27,3.77647058823529,3.58809305407564,12.5,NA,31.7,2010-05-30,NA,8,"707DBD4","LA+TUQUE",1994,2026
"ISI","08-28",2001-08-28,4.33529411764706,4.44043088794187,17.2,NA,31.7,2010-05-30,NA,8,"707DBD4","LA+TUQUE",1994,2026
"ISI","08-29",2001-08-29,5.24117647058824,4.63250186501978,13.7,NA,31.7,2010-05-30,NA,8,"707DBD4","LA+TUQUE",1994,2026
"ISI","08-30",2001-08-30,4.14117647058824,3.75567218077028,12.3,NA,31.7,2010-05-30,NA,8,"707DBD4","LA+TUQUE",1994,2026
"ISI","08-31",2001-08-31,3.90588235294118,4.62540141342285,16.7,NA,31.7,2010-05-30,NA,8,"707DBD4","LA+TUQUE",1994,2026
"ISI","09-01",2001-09-01,3.88823529411765,3.23049577327946,10.7,NA,31.7,2010-05-30,NA,9,"707DBD4","LA+TUQUE",1994,2026
"ISI","09-02",2001-09-02,3,2.62511904491968,9.2,NA,31.7,2010-05-30,NA,9,"707DBD4","LA+TUQUE",1994,2026
"ISI","09-03",2001-09-03,3.16470588235294,3.16601902562007,9.8,NA,31.7,2010-05-30,NA,9,"707DBD4","LA+TUQUE",1994,2026
"ISI","09-04",2001-09-04,2.93529411764706,3.1280867108487,11.9,NA,31.7,2010-05-30,NA,9,"707DBD4","LA+TUQUE",1994,2026
"ISI","09-05",2001-09-05,3.3,2.99666481275434,12.2,NA,31.7,2010-05-30,NA,9,"707DBD4","LA+TUQUE",1994,2026
"ISI","09-06",2001-09-06,3.02352941176471,3.34711245175687,10.2,NA,31.7,2010-05-30,NA,9,"707DBD4","LA+TUQUE",1994,2026
"ISI","09-07",2001-09-07,2.34117647058824,2.30055939488894,8,NA,31.7,2010-05-30,NA,9,"707DBD4","LA+TUQUE",1994,2026
"ISI","09-08",2001-09-08,1.52941176470588,1.99147078370559,6.3,NA,31.7,2010-05-30,NA,9,"707DBD4","LA+TUQUE",1994,2026
"ISI","09-09",2001-09-09,2.28235294117647,3.19241979032317,11.8,NA,31.7,2010-05-30,NA,9,"707DBD4","LA+TUQUE",1994,2026
"ISI","09-10",2001-09-10,2.75882352941177,2.54387962164324,7.3,NA,31.7,2010-05-30,NA,9,"707DBD4","LA+TUQUE",1994,2026
"ISI","09-11",2001-09-11,2.32352941176471,2.37973985231703,9.5,NA,31.7,2010-05-30,NA,9,"707DBD4","LA+TUQUE",1994,2026
"ISI","09-12",2001-09-12,3.07058823529412,4.26699026040052,17.8,NA,31.7,2010-05-30,NA,9,"707DBD4","LA+TUQUE",1994,2026
"ISI","09-13",2001-09-13,2.86470588235294,2.71430036484326,8.1,NA,31.7,2010-05-30,NA,9,"707DBD4","LA+TUQUE",1994,2026
"ISI","09-14",2001-09-14,1.3,1.63133381010755,5.2,NA,31.7,2010-05-30,NA,9,"707DBD4","LA+TUQUE",1994,2026
"ISI","09-15",2001-09-15,1.32941176470588,1.58420512634979,5.3,NA,31.7,2010-05-30,NA,9,"707DBD4","LA+TUQUE",1994,2026
"ISI","09-16",2001-09-16,2.21176470588235,2.13421014456788,7.6,NA,31.7,2010-05-30,NA,9,"707DBD4","LA+TUQUE",1994,2026
"ISI","09-17",2001-09-17,2.20588235294118,2.03913909169878,7.8,NA,31.7,2010-05-30,NA,9,"707DBD4","LA+TUQUE",1994,2026
"ISI","09-18",2001-09-18,3.08823529411765,2.52979306291571,9.5,NA,31.7,2010-05-30,NA,9,"707DBD4","LA+TUQUE",1994,2026
"ISI","09-19",2001-09-19,3.40588235294118,3.16019591723268,8.9,NA,31.7,2010-05-30,NA,9,"707DBD4","LA+TUQUE",1994,2026
"ISI","09-20",2001-09-20,2.40588235294118,2.4432229196891,8.7,NA,31.7,2010-05-30,NA,9,"707DBD4","LA+TUQUE",1994,2026
"ISI","09-21",2001-09-21,3.07647058823529,3.28491427052608,13.5,NA,31.7,2010-05-30,NA,9,"707DBD4","LA+TUQUE",1994,2026
"ISI","09-22",2001-09-22,2.02941176470588,2.49543701229924,8.7,NA,31.7,2010-05-30,NA,9,"707DBD4","LA+TUQUE",1994,2026
"ISI","09-23",2001-09-23,2.15882352941177,2.16305883632687,8,NA,31.7,2010-05-30,NA,9,"707DBD4","LA+TUQUE",1994,2026
"ISI","09-24",2001-09-24,2.59411764705882,2.69871974004233,8,NA,31.7,2010-05-30,NA,9,"707DBD4","LA+TUQUE",1994,2026
"ISI","09-25",2001-09-25,2.43529411764706,1.91309342965477,6.2,NA,31.7,2010-05-30,NA,9,"707DBD4","LA+TUQUE",1994,2026
"ISI","09-26",2001-09-26,2.55294117647059,2.022411199243,6.5,NA,31.7,2010-05-30,NA,9,"707DBD4","LA+TUQUE",1994,2026
"ISI","09-27",2001-09-27,2.61176470588235,2.65232971954402,7.3,NA,31.7,2010-05-30,NA,9,"707DBD4","LA+TUQUE",1994,2026
"ISI","09-28",2001-09-28,2.44117647058824,2.05245548780278,5.9,NA,31.7,2010-05-30,NA,9,"707DBD4","LA+TUQUE",1994,2026
"ISI","09-29",2001-09-29,2.13529411764706,2.50847094274345,7.5,NA,31.7,2010-05-30,NA,9,"707DBD4","LA+TUQUE",1994,2026
"ISI","09-30",2001-09-30,1.34705882352941,1.85577397837763,6.7,NA,31.7,2010-05-30,NA,9,"707DBD4","LA+TUQUE",1994,2026
"ISI","10-01",2001-10-01,1.5125,2.22077313864639,8.6,NA,31.7,2010-05-30,NA,10,"707DBD4","LA+TUQUE",1994,2026
"ISI","10-02",2001-10-02,2.6875,3.40154376717396,11,NA,31.7,2010-05-30,NA,10,"707DBD4","LA+TUQUE",1994,2026
"ISI","10-03",2001-10-03,2.54,2.23088707532612,6.8,NA,31.7,2010-05-30,NA,10,"707DBD4","LA+TUQUE",1994,2026
"ISI","10-04",2001-10-04,2.05,1.23071794764953,5.6,NA,31.7,2010-05-30,NA,10,"707DBD4","LA+TUQUE",1994,2026
"ISI","10-05",2001-10-05,2.875,3.02489669245083,9.6,NA,31.7,2010-05-30,NA,10,"707DBD4","LA+TUQUE",1994,2026
"ISI","10-06",2001-10-06,2.38,1.66913151069651,7.2,NA,31.7,2010-05-30,NA,10,"707DBD4","LA+TUQUE",1994,2026
"ISI","10-07",2001-10-07,2.32941176470588,2.36531306222938,7.7,NA,31.7,2010-05-30,NA,10,"707DBD4","LA+TUQUE",1994,2026
"ISI","10-08",2001-10-08,1.90666666666667,2.1475789247651,7.7,NA,31.7,2010-05-30,NA,10,"707DBD4","LA+TUQUE",1994,2026
"ISI","10-09",2001-10-09,1.64,1.94378129281195,6.5,NA,31.7,2010-05-30,NA,10,"707DBD4","LA+TUQUE",1994,2026
"ISI","10-10",2001-10-10,2.21764705882353,3.14329351439649,11.9,NA,31.7,2010-05-30,NA,10,"707DBD4","LA+TUQUE",1994,2026
"ISI","10-11",2001-10-11,2.00588235294118,1.952392951046,5.7,NA,31.7,2010-05-30,NA,10,"707DBD4","LA+TUQUE",1994,2026
"ISI","10-12",2001-10-12,2.55333333333333,1.8742109450824,7.3,NA,31.7,2010-05-30,NA,10,"707DBD4","LA+TUQUE",1994,2026
"ISI","10-13",2001-10-13,2.59411764705882,1.96165446378666,5.8,NA,31.7,2010-05-30,NA,10,"707DBD4","LA+TUQUE",1994,2026
"ISI","10-14",2001-10-14,1.85294117647059,2.44849893992698,8.5,NA,31.7,2010-05-30,NA,10,"707DBD4","LA+TUQUE",1994,2026
"ISI","10-15",2001-10-15,1.24705882352941,1.8838516552063,7.7,NA,31.7,2010-05-30,NA,10,"707DBD4","LA+TUQUE",1994,2026
"ISI","10-16",2001-10-16,1.11176470588235,2.22623065767599,7.2,NA,31.7,2010-05-30,NA,10,"707DBD4","LA+TUQUE",1994,2026
"ISI","10-17",2001-10-17,1.32142857142857,2.06888248222917,6.5,NA,31.7,2010-05-30,NA,10,"707DBD4","LA+TUQUE",1994,2026
"ISI","10-18",2001-10-18,1.79230769230769,1.71632433728862,5.9,NA,31.7,2010-05-30,NA,10,"707DBD4","LA+TUQUE",1994,2026
"ISI","10-19",2001-10-19,2.22142857142857,2.16125980762239,6.8,NA,31.7,2010-05-30,NA,10,"707DBD4","LA+TUQUE",1994,2026
"ISI","10-20",2001-10-20,1.7625,1.82423499948152,5.7,NA,31.7,2010-05-30,NA,10,"707DBD4","LA+TUQUE",1994,2026
"ISI","10-21",2001-10-21,1.07142857142857,1.34303248796753,6.4,NA,31.7,2010-05-30,NA,10,"707DBD4","LA+TUQUE",1994,2026
"ISI","10-22",2001-10-22,1.8625,2.73906918496047,8.8,NA,31.7,2010-05-30,NA,10,"707DBD4","LA+TUQUE",1994,2026
"ISI","10-23",2001-10-23,1.17333333333333,1.77541410327147,7.1,NA,31.7,2010-05-30,NA,10,"707DBD4","LA+TUQUE",1994,2026
"ISI","10-24",2001-10-24,1.38666666666667,1.49803045299328,4.9,NA,31.7,2010-05-30,NA,10,"707DBD4","LA+TUQUE",1994,2026
"ISI","10-25",2001-10-25,1.59285714285714,1.98357264539528,5.9,NA,31.7,2010-05-30,NA,10,"707DBD4","LA+TUQUE",1994,2026
"ISI","10-26",2001-10-26,1.33846153846154,1.38476138831356,4.5,NA,31.7,2010-05-30,NA,10,"707DBD4","LA+TUQUE",1994,2026
"ISI","10-27",2001-10-27,1.11666666666667,1.05815734637953,3.5,NA,31.7,2010-05-30,NA,10,"707DBD4","LA+TUQUE",1994,2026
"ISI","10-28",2001-10-28,1.61111111111111,2.41528696247695,7,NA,31.7,2010-05-30,NA,10,"707DBD4","LA+TUQUE",1994,2026
"ISI","10-29",2001-10-29,1.17272727272727,1.46634982803621,5,NA,31.7,2010-05-30,NA,10,"707DBD4","LA+TUQUE",1994,2026
"ISI","10-30",2001-10-30,2.13636363636364,3.52881643820495,10.3,NA,31.7,2010-05-30,NA,10,"707DBD4","LA+TUQUE",1994,2026
"ISI","10-31",2001-10-31,1.0375,1.48221600507965,4.2,NA,31.7,2010-05-30,NA,10,"707DBD4","LA+TUQUE",1994,2026
