"variable","MD","PLOT_DATE","clim_mean","clim_sd","clim_max","clim_max_date","value","rec_all_val","rec_all_date","value_record","MONTH","hover_histmax","AES","NAME","por_start","por_end"
"BUI","04-01",2001-04-01,NA,NA,NA,NA,NA,75.7,2000-08-24,NA,4,"Daily record reached in NA","8502799","NAIN",1999,2026
"BUI","04-02",2001-04-02,NA,NA,NA,NA,NA,75.7,2000-08-24,NA,4,"Daily record reached in NA","8502799","NAIN",1999,2026
"BUI","04-03",2001-04-03,NA,NA,NA,NA,NA,75.7,2000-08-24,NA,4,"Daily record reached in NA","8502799","NAIN",1999,2026
"BUI","04-04",2001-04-04,NA,NA,NA,NA,NA,75.7,2000-08-24,NA,4,"Daily record reached in NA","8502799","NAIN",1999,2026
"BUI","04-05",2001-04-05,NA,NA,NA,NA,NA,75.7,2000-08-24,NA,4,"Daily record reached in NA","8502799","NAIN",1999,2026
"BUI","04-06",2001-04-06,NA,NA,NA,NA,NA,75.7,2000-08-24,NA,4,"Daily record reached in NA","8502799","NAIN",1999,2026
"BUI","04-07",2001-04-07,NA,NA,NA,NA,NA,75.7,2000-08-24,NA,4,"Daily record reached in NA","8502799","NAIN",1999,2026
"BUI","04-08",2001-04-08,NA,NA,NA,NA,NA,75.7,2000-08-24,NA,4,"Daily record reached in NA","8502799","NAIN",1999,2026
"BUI","04-09",2001-04-09,NA,NA,NA,NA,NA,75.7,2000-08-24,NA,4,"Daily record reached in NA","8502799","NAIN",1999,2026
"BUI","04-10",2001-04-10,NA,NA,NA,NA,NA,75.7,2000-08-24,NA,4,"Daily record reached in NA","8502799","NAIN",1999,2026
"BUI","04-11",2001-04-11,NA,NA,NA,NA,NA,75.7,2000-08-24,NA,4,"Daily record reached in NA","8502799","NAIN",1999,2026
"BUI","04-12",2001-04-12,NA,NA,NA,NA,NA,75.7,2000-08-24,NA,4,"Daily record reached in NA","8502799","NAIN",1999,2026
"BUI","04-13",2001-04-13,NA,NA,NA,NA,NA,75.7,2000-08-24,NA,4,"Daily record reached in NA","8502799","NAIN",1999,2026
"BUI","04-14",2001-04-14,NA,NA,NA,NA,NA,75.7,2000-08-24,NA,4,"Daily record reached in NA","8502799","NAIN",1999,2026
"BUI","04-15",2001-04-15,NA,NA,NA,NA,NA,75.7,2000-08-24,NA,4,"Daily record reached in NA","8502799","NAIN",1999,2026
"BUI","04-16",2001-04-16,NA,NA,NA,NA,NA,75.7,2000-08-24,NA,4,"Daily record reached in NA","8502799","NAIN",1999,2026
"BUI","04-17",2001-04-17,NA,NA,NA,NA,NA,75.7,2000-08-24,NA,4,"Daily record reached in NA","8502799","NAIN",1999,2026
"BUI","04-18",2001-04-18,NA,NA,NA,NA,NA,75.7,2000-08-24,NA,4,"Daily record reached in NA","8502799","NAIN",1999,2026
"BUI","04-19",2001-04-19,NA,NA,NA,NA,NA,75.7,2000-08-24,NA,4,"Daily record reached in NA","8502799","NAIN",1999,2026
"BUI","04-20",2001-04-20,NA,NA,NA,NA,NA,75.7,2000-08-24,NA,4,"Daily record reached in NA","8502799","NAIN",1999,2026
"BUI","04-21",2001-04-21,NA,NA,NA,NA,NA,75.7,2000-08-24,NA,4,"Daily record reached in NA","8502799","NAIN",1999,2026
"BUI","04-22",2001-04-22,NA,NA,NA,NA,NA,75.7,2000-08-24,NA,4,"Daily record reached in NA","8502799","NAIN",1999,2026
"BUI","04-23",2001-04-23,NA,NA,NA,NA,NA,75.7,2000-08-24,NA,4,"Daily record reached in NA","8502799","NAIN",1999,2026
"BUI","04-24",2001-04-24,NA,NA,NA,NA,NA,75.7,2000-08-24,NA,4,"Daily record reached in NA","8502799","NAIN",1999,2026
"BUI","04-25",2001-04-25,NA,NA,NA,NA,NA,75.7,2000-08-24,NA,4,"Daily record reached in NA","8502799","NAIN",1999,2026
"BUI","04-26",2001-04-26,NA,NA,NA,NA,NA,75.7,2000-08-24,NA,4,"Daily record reached in NA","8502799","NAIN",1999,2026
"BUI","04-27",2001-04-27,NA,NA,NA,NA,NA,75.7,2000-08-24,NA,4,"Daily record reached in NA","8502799","NAIN",1999,2026
"BUI","04-28",2001-04-28,NA,NA,NA,NA,NA,75.7,2000-08-24,NA,4,"Daily record reached in NA","8502799","NAIN",1999,2026
"BUI","04-29",2001-04-29,NA,NA,NA,NA,NA,75.7,2000-08-24,NA,4,"Daily record reached in NA","8502799","NAIN",1999,2026
"BUI","04-30",2001-04-30,NA,NA,NA,NA,NA,75.7,2000-08-24,NA,4,"Daily record reached in NA","8502799","NAIN",1999,2026
"BUI","05-01",2001-05-01,NA,NA,NA,NA,NA,75.7,2000-08-24,NA,5,"Daily record reached in NA","8502799","NAIN",1999,2026
"BUI","05-02",2001-05-02,NA,NA,NA,NA,NA,75.7,2000-08-24,NA,5,"Daily record reached in NA","8502799","NAIN",1999,2026
"BUI","05-03",2001-05-03,NA,NA,NA,NA,NA,75.7,2000-08-24,NA,5,"Daily record reached in NA","8502799","NAIN",1999,2026
"BUI","05-04",2001-05-04,NA,NA,NA,NA,NA,75.7,2000-08-24,NA,5,"Daily record reached in NA","8502799","NAIN",1999,2026
"BUI","05-05",2001-05-05,NA,NA,NA,NA,NA,75.7,2000-08-24,NA,5,"Daily record reached in NA","8502799","NAIN",1999,2026
"BUI","05-06",2001-05-06,NA,NA,NA,NA,NA,75.7,2000-08-24,NA,5,"Daily record reached in NA","8502799","NAIN",1999,2026
"BUI","05-07",2001-05-07,NA,NA,NA,NA,NA,75.7,2000-08-24,NA,5,"Daily record reached in NA","8502799","NAIN",1999,2026
"BUI","05-08",2001-05-08,NA,NA,NA,NA,NA,75.7,2000-08-24,NA,5,"Daily record reached in NA","8502799","NAIN",1999,2026
"BUI","05-09",2001-05-09,NA,NA,NA,NA,NA,75.7,2000-08-24,NA,5,"Daily record reached in NA","8502799","NAIN",1999,2026
"BUI","05-10",2001-05-10,NA,NA,NA,NA,NA,75.7,2000-08-24,NA,5,"Daily record reached in NA","8502799","NAIN",1999,2026
"BUI","05-11",2001-05-11,7.3,NA,7.3,2005-05-11,NA,75.7,2000-08-24,NA,5,"Daily record reached in 2005","8502799","NAIN",1999,2026
"BUI","05-12",2001-05-12,8.2,NA,8.2,2006-05-12,NA,75.7,2000-08-24,NA,5,"Daily record reached in 2006","8502799","NAIN",1999,2026
"BUI","05-13",2001-05-13,11.8,NA,11.8,2006-05-13,NA,75.7,2000-08-24,NA,5,"Daily record reached in 2006","8502799","NAIN",1999,2026
"BUI","05-14",2001-05-14,12.3,NA,12.3,2006-05-14,NA,75.7,2000-08-24,NA,5,"Daily record reached in 2006","8502799","NAIN",1999,2026
"BUI","05-15",2001-05-15,12.4,NA,12.4,2006-05-15,NA,75.7,2000-08-24,NA,5,"Daily record reached in 2006","8502799","NAIN",1999,2026
"BUI","05-16",2001-05-16,13.2,NA,13.2,2006-05-16,NA,75.7,2000-08-24,NA,5,"Daily record reached in 2006","8502799","NAIN",1999,2026
"BUI","05-17",2001-05-17,13.5,NA,13.5,2006-05-17,NA,75.7,2000-08-24,NA,5,"Daily record reached in 2006","8502799","NAIN",1999,2026
"BUI","05-18",2001-05-18,14.2,NA,14.2,2006-05-18,NA,75.7,2000-08-24,NA,5,"Daily record reached in 2006","8502799","NAIN",1999,2026
"BUI","05-19",2001-05-19,NA,NA,NA,NA,NA,75.7,2000-08-24,NA,5,"Daily record reached in NA","8502799","NAIN",1999,2026
"BUI","05-20",2001-05-20,NA,NA,NA,NA,NA,75.7,2000-08-24,NA,5,"Daily record reached in NA","8502799","NAIN",1999,2026
"BUI","05-21",2001-05-21,NA,NA,NA,NA,NA,75.7,2000-08-24,NA,5,"Daily record reached in NA","8502799","NAIN",1999,2026
"BUI","05-22",2001-05-22,NA,NA,NA,NA,NA,75.7,2000-08-24,NA,5,"Daily record reached in NA","8502799","NAIN",1999,2026
"BUI","05-23",2001-05-23,8.7,3.83536178215302,12.8,2006-05-23,NA,75.7,2000-08-24,NA,5,"Daily record reached in 2006","8502799","NAIN",1999,2026
"BUI","05-24",2001-05-24,10.1666666666667,3.27159492195066,13.9,2006-05-24,NA,75.7,2000-08-24,NA,5,"Daily record reached in 2006","8502799","NAIN",1999,2026
"BUI","05-25",2001-05-25,10.9,3.46554469023269,14.9,2006-05-25,NA,75.7,2000-08-24,NA,5,"Daily record reached in 2006","8502799","NAIN",1999,2026
"BUI","05-26",2001-05-26,10.4,0.871779788708135,11.4,2006-05-26,NA,75.7,2000-08-24,NA,5,"Daily record reached in 2006","8502799","NAIN",1999,2026
"BUI","05-27",2001-05-27,11.4,1.47309198626562,13.1,2006-05-27,NA,75.7,2000-08-24,NA,5,"Daily record reached in 2006","8502799","NAIN",1999,2026
"BUI","05-28",2001-05-28,12.4666666666667,1.85831464863551,14.6,2006-05-28,NA,75.7,2000-08-24,NA,5,"Daily record reached in 2006","8502799","NAIN",1999,2026
"BUI","05-29",2001-05-29,13.3333333333333,1.80092568789868,15.4,2006-05-29,NA,75.7,2000-08-24,NA,5,"Daily record reached in 2006","8502799","NAIN",1999,2026
"BUI","05-30",2001-05-30,14.8,3.11929479209644,18.4,2006-05-30,NA,75.7,2000-08-24,NA,5,"Daily record reached in 2006","8502799","NAIN",1999,2026
"BUI","05-31",2001-05-31,16.5,2.96141857899217,19.6,2006-05-31,NA,75.7,2000-08-24,NA,5,"Daily record reached in 2006","8502799","NAIN",1999,2026
"BUI","06-01",2001-06-01,19.85,2.05060966544099,21.3,2006-06-01,NA,75.7,2000-08-24,NA,6,"Daily record reached in 2006","8502799","NAIN",1999,2026
"BUI","06-02",2001-06-02,20.3333333333333,3.57957166897568,23.4,2006-06-02,NA,75.7,2000-08-24,NA,6,"Daily record reached in 2006","8502799","NAIN",1999,2026
"BUI","06-03",2001-06-03,21.7333333333333,4.12350983184633,25,2006-06-03,NA,75.7,2000-08-24,NA,6,"Daily record reached in 2006","8502799","NAIN",1999,2026
"BUI","06-04",2001-06-04,19.275,7.52036125018827,26.2,2006-06-04,NA,75.7,2000-08-24,NA,6,"Daily record reached in 2006","8502799","NAIN",1999,2026
"BUI","06-05",2001-06-05,19.5333333333333,8.40971660243871,25.9,2005-06-05,7.5,75.7,2000-08-24,NA,6,"Daily record reached in 2005","8502799","NAIN",1999,2026
"BUI","06-06",2001-06-06,17.9,9.94585340732509,28.4,2005-06-06,11,75.7,2000-08-24,NA,6,"Daily record reached in 2005","8502799","NAIN",1999,2026
"BUI","06-07",2001-06-07,18.75,11.0551647055422,29.4,2005-06-07,11.9,75.7,2000-08-24,NA,6,"Daily record reached in 2005","8502799","NAIN",1999,2026
"BUI","06-08",2001-06-08,19.1,14.0435038362938,31.3,2006-06-08,14.2,75.7,2000-08-24,NA,6,"Daily record reached in 2006","8502799","NAIN",1999,2026
"BUI","06-09",2001-06-09,18.5,14.8059109817667,36.4,2006-06-09,15,75.7,2000-08-24,NA,6,"Daily record reached in 2006","8502799","NAIN",1999,2026
"BUI","06-10",2001-06-10,19.44,15.2079913203552,37.9,2006-06-10,16.3,75.7,2000-08-24,NA,6,"Daily record reached in 2006","8502799","NAIN",1999,2026
"BUI","06-11",2001-06-11,20.95,13.796195127643,38.7,2006-06-11,17.9,75.7,2000-08-24,NA,6,"Daily record reached in 2006","8502799","NAIN",1999,2026
"BUI","06-12",2001-06-12,19.2333333333333,14.5278582959315,39.5,2006-06-12,19.2,75.7,2000-08-24,NA,6,"Daily record reached in 2006","8502799","NAIN",1999,2026
"BUI","06-13",2001-06-13,20.3,15.0158582838278,41.9,2006-06-13,20.1,75.7,2000-08-24,NA,6,"Daily record reached in 2006","8502799","NAIN",1999,2026
"BUI","06-14",2001-06-14,17.8,14.9623336606102,45.4,2006-06-14,21.1,75.7,2000-08-24,NA,6,"Daily record reached in 2006","8502799","NAIN",1999,2026
"BUI","06-15",2001-06-15,17.7875,12.9358237354366,38.3,2005-06-15,NA,75.7,2000-08-24,NA,6,"Daily record reached in 2005","8502799","NAIN",1999,2026
"BUI","06-16",2001-06-16,20.9142857142857,14.3107685062017,42.2,2006-06-16,NA,75.7,2000-08-24,NA,6,"Daily record reached in 2006","8502799","NAIN",1999,2026
"BUI","06-17",2001-06-17,16.3777777777778,12.2150294491845,39.9,2005-06-17,NA,75.7,2000-08-24,NA,6,"Daily record reached in 2005","8502799","NAIN",1999,2026
"BUI","06-18",2001-06-18,15.62,11.3668914933777,42.8,2005-06-18,NA,75.7,2000-08-24,NA,6,"Daily record reached in 2005","8502799","NAIN",1999,2026
"BUI","06-19",2001-06-19,15.8,12.475736451208,47.3,2005-06-19,NA,75.7,2000-08-24,NA,6,"Daily record reached in 2005","8502799","NAIN",1999,2026
"BUI","06-20",2001-06-20,15.7636363636364,11.2878937563456,39.4,2005-06-20,NA,75.7,2000-08-24,NA,6,"Daily record reached in 2005","8502799","NAIN",1999,2026
"BUI","06-21",2001-06-21,16.8545454545455,11.7377479642701,40.2,2005-06-21,NA,75.7,2000-08-24,NA,6,"Daily record reached in 2005","8502799","NAIN",1999,2026
"BUI","06-22",2001-06-22,14.625,8.07984304528025,37,2012-06-22,NA,75.7,2000-08-24,NA,6,"Daily record reached in 2012","8502799","NAIN",1999,2026
"BUI","06-23",2001-06-23,13.3923076923077,9.51117426490735,38.2,2012-06-23,NA,75.7,2000-08-24,NA,6,"Daily record reached in 2012","8502799","NAIN",1999,2026
"BUI","06-24",2001-06-24,13.6538461538462,10.6493047804865,39.1,2012-06-24,NA,75.7,2000-08-24,NA,6,"Daily record reached in 2012","8502799","NAIN",1999,2026
"BUI","06-25",2001-06-25,12.2,11.5719820787439,40.1,2012-06-25,NA,75.7,2000-08-24,NA,6,"Daily record reached in 2012","8502799","NAIN",1999,2026
"BUI","06-26",2001-06-26,13.1928571428571,12.0931299178001,41.7,2012-06-26,NA,75.7,2000-08-24,NA,6,"Daily record reached in 2012","8502799","NAIN",1999,2026
"BUI","06-27",2001-06-27,13.0066666666667,12.4978550540635,43,2012-06-27,NA,75.7,2000-08-24,NA,6,"Daily record reached in 2012","8502799","NAIN",1999,2026
"BUI","06-28",2001-06-28,11.6933333333333,10.1115539759981,36.2,2006-06-28,NA,75.7,2000-08-24,NA,6,"Daily record reached in 2006","8502799","NAIN",1999,2026
"BUI","06-29",2001-06-29,11.8066666666667,8.56032932165802,30.2,2013-06-29,NA,75.7,2000-08-24,NA,6,"Daily record reached in 2013","8502799","NAIN",1999,2026
"BUI","06-30",2001-06-30,11.2666666666667,7.27232195840274,31.5,2013-06-30,NA,75.7,2000-08-24,NA,6,"Daily record reached in 2013","8502799","NAIN",1999,2026
"BUI","07-01",2001-07-01,11.34375,7.78853591290858,32,2013-07-01,NA,75.7,2000-08-24,NA,7,"Daily record reached in 2013","8502799","NAIN",1999,2026
"BUI","07-02",2001-07-02,9.88823529411765,7.06796313948909,25.9,2013-07-02,NA,75.7,2000-08-24,NA,7,"Daily record reached in 2013","8502799","NAIN",1999,2026
"BUI","07-03",2001-07-03,9.35882352941177,6.76702102327248,29.6,2013-07-03,NA,75.7,2000-08-24,NA,7,"Daily record reached in 2013","8502799","NAIN",1999,2026
"BUI","07-04",2001-07-04,9.05882352941177,5.73411488631086,24.7,2013-07-04,NA,75.7,2000-08-24,NA,7,"Daily record reached in 2013","8502799","NAIN",1999,2026
"BUI","07-05",2001-07-05,8.88823529411765,5.15374649562592,19.4,2002-07-05,NA,75.7,2000-08-24,NA,7,"Daily record reached in 2002","8502799","NAIN",1999,2026
"BUI","07-06",2001-07-06,8.07777777777778,5.70804958504737,21.2,2002-07-06,NA,75.7,2000-08-24,NA,7,"Daily record reached in 2002","8502799","NAIN",1999,2026
"BUI","07-07",2001-07-07,7.53888888888889,5.69820806599748,20.9,2002-07-07,NA,75.7,2000-08-24,NA,7,"Daily record reached in 2002","8502799","NAIN",1999,2026
"BUI","07-08",2001-07-08,8.12222222222222,5.23321468580379,21,2025-07-08,NA,75.7,2000-08-24,NA,7,"Daily record reached in 2025","8502799","NAIN",1999,2026
"BUI","07-09",2001-07-09,9.22631578947368,5.75131309695284,24.3,2025-07-09,NA,75.7,2000-08-24,NA,7,"Daily record reached in 2025","8502799","NAIN",1999,2026
"BUI","07-10",2001-07-10,9.075,6.14250720283193,29,2025-07-10,NA,75.7,2000-08-24,NA,7,"Daily record reached in 2025","8502799","NAIN",1999,2026
"BUI","07-11",2001-07-11,9.36315789473684,6.04724092516724,34.7,2025-07-11,NA,75.7,2000-08-24,NA,7,"Daily record reached in 2025","8502799","NAIN",1999,2026
"BUI","07-12",2001-07-12,8.8578947368421,6.57227474483815,39,2025-07-12,NA,75.7,2000-08-24,NA,7,"Daily record reached in 2025","8502799","NAIN",1999,2026
"BUI","07-13",2001-07-13,9.955,7.83759327989483,40.5,2025-07-13,NA,75.7,2000-08-24,NA,7,"Daily record reached in 2025","8502799","NAIN",1999,2026
"BUI","07-14",2001-07-14,11.22,8.40943079618291,32.1,2025-07-14,NA,75.7,2000-08-24,NA,7,"Daily record reached in 2025","8502799","NAIN",1999,2026
"BUI","07-15",2001-07-15,12.415,9.14798079532193,35.3,2025-07-15,NA,75.7,2000-08-24,NA,7,"Daily record reached in 2025","8502799","NAIN",1999,2026
"BUI","07-16",2001-07-16,13.96,10.4171114291014,37.1,2006-07-16,NA,75.7,2000-08-24,NA,7,"Daily record reached in 2006","8502799","NAIN",1999,2026
"BUI","07-17",2001-07-17,14.795,11.1488245781196,33.3,2018-07-17,NA,75.7,2000-08-24,NA,7,"Daily record reached in 2018","8502799","NAIN",1999,2026
"BUI","07-18",2001-07-18,14.45,11.0183817705734,33.8,2005-07-18,NA,75.7,2000-08-24,NA,7,"Daily record reached in 2005","8502799","NAIN",1999,2026
"BUI","07-19",2001-07-19,13.84,11.2693062411976,35.3,2005-07-19,NA,75.7,2000-08-24,NA,7,"Daily record reached in 2005","8502799","NAIN",1999,2026
"BUI","07-20",2001-07-20,13.66,10.3611318219381,32.8,2017-07-20,NA,75.7,2000-08-24,NA,7,"Daily record reached in 2017","8502799","NAIN",1999,2026
"BUI","07-21",2001-07-21,13.105,10.8317503566817,33.2,2017-07-21,NA,75.7,2000-08-24,NA,7,"Daily record reached in 2017","8502799","NAIN",1999,2026
"BUI","07-22",2001-07-22,12.77,10.0920552390169,33.5,2018-07-22,NA,75.7,2000-08-24,NA,7,"Daily record reached in 2018","8502799","NAIN",1999,2026
"BUI","07-23",2001-07-23,12.395,8.97443591542109,33.9,2000-07-23,NA,75.7,2000-08-24,NA,7,"Daily record reached in 2000","8502799","NAIN",1999,2026
"BUI","07-24",2001-07-24,13.81,9.95706044129385,38,2000-07-24,NA,75.7,2000-08-24,NA,7,"Daily record reached in 2000","8502799","NAIN",1999,2026
"BUI","07-25",2001-07-25,14.11,9.62042235641396,41.9,2000-07-25,NA,75.7,2000-08-24,NA,7,"Daily record reached in 2000","8502799","NAIN",1999,2026
"BUI","07-26",2001-07-26,14.265,11.390590530415,45.6,2000-07-26,NA,75.7,2000-08-24,NA,7,"Daily record reached in 2000","8502799","NAIN",1999,2026
"BUI","07-27",2001-07-27,15.165,12.1225876601882,49.5,2000-07-27,NA,75.7,2000-08-24,NA,7,"Daily record reached in 2000","8502799","NAIN",1999,2026
"BUI","07-28",2001-07-28,14.965,12.6643417764833,51.5,2000-07-28,NA,75.7,2000-08-24,NA,7,"Daily record reached in 2000","8502799","NAIN",1999,2026
"BUI","07-29",2001-07-29,14.145,13.0566165924448,54.9,2000-07-29,NA,75.7,2000-08-24,NA,7,"Daily record reached in 2000","8502799","NAIN",1999,2026
"BUI","07-30",2001-07-30,14.375,13.9777219362211,59.7,2000-07-30,NA,75.7,2000-08-24,NA,7,"Daily record reached in 2000","8502799","NAIN",1999,2026
"BUI","07-31",2001-07-31,15.475,15.3602999902174,64.9,2000-07-31,NA,75.7,2000-08-24,NA,7,"Daily record reached in 2000","8502799","NAIN",1999,2026
"BUI","08-01",2001-08-01,15.32,16.7898967113841,69.9,2000-08-01,NA,75.7,2000-08-24,NA,8,"Daily record reached in 2000","8502799","NAIN",1999,2026
"BUI","08-02",2001-08-02,15.26,16.5331692125414,66.2,2000-08-02,NA,75.7,2000-08-24,NA,8,"Daily record reached in 2000","8502799","NAIN",1999,2026
"BUI","08-03",2001-08-03,14.0789473684211,16.3807332269539,67.3,2000-08-03,NA,75.7,2000-08-24,NA,8,"Daily record reached in 2000","8502799","NAIN",1999,2026
"BUI","08-04",2001-08-04,13.605,13.490912145823,52.7,2000-08-04,NA,75.7,2000-08-24,NA,8,"Daily record reached in 2000","8502799","NAIN",1999,2026
"BUI","08-05",2001-08-05,14.085,14.0649349353931,52.9,2000-08-05,NA,75.7,2000-08-24,NA,8,"Daily record reached in 2000","8502799","NAIN",1999,2026
"BUI","08-06",2001-08-06,12.995,14.1752369329498,54,2000-08-06,NA,75.7,2000-08-24,NA,8,"Daily record reached in 2000","8502799","NAIN",1999,2026
"BUI","08-07",2001-08-07,11.67,13.2199649653171,46.1,2000-08-07,NA,75.7,2000-08-24,NA,8,"Daily record reached in 2000","8502799","NAIN",1999,2026
"BUI","08-08",2001-08-08,11.6894736842105,13.7064824378362,47.2,2000-08-08,NA,75.7,2000-08-24,NA,8,"Daily record reached in 2000","8502799","NAIN",1999,2026
"BUI","08-09",2001-08-09,11.645,14.3406112693618,49.8,2000-08-09,NA,75.7,2000-08-24,NA,8,"Daily record reached in 2000","8502799","NAIN",1999,2026
"BUI","08-10",2001-08-10,12.24,14.9653424178737,53.4,2000-08-10,NA,75.7,2000-08-24,NA,8,"Daily record reached in 2000","8502799","NAIN",1999,2026
"BUI","08-11",2001-08-11,12.565,14.9129147491625,53.9,2000-08-11,NA,75.7,2000-08-24,NA,8,"Daily record reached in 2000","8502799","NAIN",1999,2026
"BUI","08-12",2001-08-12,12.47,14.7410668756226,54.8,2000-08-12,NA,75.7,2000-08-24,NA,8,"Daily record reached in 2000","8502799","NAIN",1999,2026
"BUI","08-13",2001-08-13,12.6,14.8747401569521,55.7,2000-08-13,NA,75.7,2000-08-24,NA,8,"Daily record reached in 2000","8502799","NAIN",1999,2026
"BUI","08-14",2001-08-14,13.73,15.5964267162639,58.1,2000-08-14,NA,75.7,2000-08-24,NA,8,"Daily record reached in 2000","8502799","NAIN",1999,2026
"BUI","08-15",2001-08-15,15.4052631578947,16.8835710310418,61.4,2000-08-15,NA,75.7,2000-08-24,NA,8,"Daily record reached in 2000","8502799","NAIN",1999,2026
"BUI","08-16",2001-08-16,15.675,16.4191119382902,64.8,2000-08-16,NA,75.7,2000-08-24,NA,8,"Daily record reached in 2000","8502799","NAIN",1999,2026
"BUI","08-17",2001-08-17,16.5,15.6197580680772,65.4,2000-08-17,NA,75.7,2000-08-24,NA,8,"Daily record reached in 2000","8502799","NAIN",1999,2026
"BUI","08-18",2001-08-18,16.82,15.923752533145,66.1,2000-08-18,NA,75.7,2000-08-24,NA,8,"Daily record reached in 2000","8502799","NAIN",1999,2026
"BUI","08-19",2001-08-19,16.61,17.1979772372402,68.6,2000-08-19,NA,75.7,2000-08-24,NA,8,"Daily record reached in 2000","8502799","NAIN",1999,2026
"BUI","08-20",2001-08-20,16.475,17.3932193382182,70.9,2000-08-20,NA,75.7,2000-08-24,NA,8,"Daily record reached in 2000","8502799","NAIN",1999,2026
"BUI","08-21",2001-08-21,16.6,18.6344066476803,72.5,2000-08-21,NA,75.7,2000-08-24,NA,8,"Daily record reached in 2000","8502799","NAIN",1999,2026
"BUI","08-22",2001-08-22,14.785,17.5984232248233,73.3,2000-08-22,NA,75.7,2000-08-24,NA,8,"Daily record reached in 2000","8502799","NAIN",1999,2026
"BUI","08-23",2001-08-23,14.385,17.3625512010916,74.3,2000-08-23,NA,75.7,2000-08-24,NA,8,"Daily record reached in 2000","8502799","NAIN",1999,2026
"BUI","08-24",2001-08-24,15.095,17.7146824324968,75.7,2000-08-24,NA,75.7,2000-08-24,NA,8,"Daily record reached in 2000","8502799","NAIN",1999,2026
"BUI","08-25",2001-08-25,15.3736842105263,14.2244250852485,51.1,2000-08-25,NA,75.7,2000-08-24,NA,8,"Daily record reached in 2000","8502799","NAIN",1999,2026
"BUI","08-26",2001-08-26,12.98,11.0091158400186,39.5,2000-08-26,NA,75.7,2000-08-24,NA,8,"Daily record reached in 2000","8502799","NAIN",1999,2026
"BUI","08-27",2001-08-27,11.74,9.78260540045711,41.5,2000-08-27,NA,75.7,2000-08-24,NA,8,"Daily record reached in 2000","8502799","NAIN",1999,2026
"BUI","08-28",2001-08-28,12.56,9.86436435917319,41.9,2000-08-28,NA,75.7,2000-08-24,NA,8,"Daily record reached in 2000","8502799","NAIN",1999,2026
"BUI","08-29",2001-08-29,13.7894736842105,10.399940957997,44.5,2000-08-29,NA,75.7,2000-08-24,NA,8,"Daily record reached in 2000","8502799","NAIN",1999,2026
"BUI","08-30",2001-08-30,13.315,11.0436109178684,46.6,2000-08-30,NA,75.7,2000-08-24,NA,8,"Daily record reached in 2000","8502799","NAIN",1999,2026
"BUI","08-31",2001-08-31,13.025,9.40626191204002,34.1,2000-08-31,NA,75.7,2000-08-24,NA,8,"Daily record reached in 2000","8502799","NAIN",1999,2026
"BUI","09-01",2001-09-01,13.1,8.9284878191574,30.5,2005-09-01,NA,75.7,2000-08-24,NA,9,"Daily record reached in 2005","8502799","NAIN",1999,2026
"BUI","09-02",2001-09-02,13.47,7.64543895679674,26.6,2013-09-02,NA,75.7,2000-08-24,NA,9,"Daily record reached in 2013","8502799","NAIN",1999,2026
"BUI","09-03",2001-09-03,14.3,8.18310197264685,29.2,2013-09-03,NA,75.7,2000-08-24,NA,9,"Daily record reached in 2013","8502799","NAIN",1999,2026
"BUI","09-04",2001-09-04,13.71,8.65124876900196,30.1,2014-09-04,NA,75.7,2000-08-24,NA,9,"Daily record reached in 2014","8502799","NAIN",1999,2026
"BUI","09-05",2001-09-05,13.315,8.71280213551482,31.2,2000-09-05,NA,75.7,2000-08-24,NA,9,"Daily record reached in 2000","8502799","NAIN",1999,2026
"BUI","09-06",2001-09-06,12.45,8.569806237446,33.4,2000-09-06,NA,75.7,2000-08-24,NA,9,"Daily record reached in 2000","8502799","NAIN",1999,2026
"BUI","09-07",2001-09-07,12.855,8.93075555240664,34.4,2000-09-07,NA,75.7,2000-08-24,NA,9,"Daily record reached in 2000","8502799","NAIN",1999,2026
"BUI","09-08",2001-09-08,12.05,7.96555082841105,27.5,2016-09-08,NA,75.7,2000-08-24,NA,9,"Daily record reached in 2016","8502799","NAIN",1999,2026
"BUI","09-09",2001-09-09,12.575,7.56911139886454,28.4,2016-09-09,NA,75.7,2000-08-24,NA,9,"Daily record reached in 2016","8502799","NAIN",1999,2026
"BUI","09-10",2001-09-10,12.1333333333333,8.09284360698135,29.2,2011-09-10,NA,75.7,2000-08-24,NA,9,"Daily record reached in 2011","8502799","NAIN",1999,2026
"BUI","09-11",2001-09-11,12.8666666666667,8.56909632135769,29.5,2011-09-11,NA,75.7,2000-08-24,NA,9,"Daily record reached in 2011","8502799","NAIN",1999,2026
"BUI","09-12",2001-09-12,11.8473684210526,7.7184748364667,30.7,2011-09-12,NA,75.7,2000-08-24,NA,9,"Daily record reached in 2011","8502799","NAIN",1999,2026
"BUI","09-13",2001-09-13,12.0157894736842,8.48248280987843,32.2,2011-09-13,NA,75.7,2000-08-24,NA,9,"Daily record reached in 2011","8502799","NAIN",1999,2026
"BUI","09-14",2001-09-14,11.39,8.14693355292588,27.2,2006-09-14,NA,75.7,2000-08-24,NA,9,"Daily record reached in 2006","8502799","NAIN",1999,2026
"BUI","09-15",2001-09-15,10.92,8.64343986104947,27.5,2006-09-15,NA,75.7,2000-08-24,NA,9,"Daily record reached in 2006","8502799","NAIN",1999,2026
"BUI","09-16",2001-09-16,10.31,8.05846400409303,28.5,2006-09-16,NA,75.7,2000-08-24,NA,9,"Daily record reached in 2006","8502799","NAIN",1999,2026
"BUI","09-17",2001-09-17,9.66,7.80097159940586,28,2006-09-17,NA,75.7,2000-08-24,NA,9,"Daily record reached in 2006","8502799","NAIN",1999,2026
"BUI","09-18",2001-09-18,9.11052631578947,6.82575960256782,24.2,2010-09-18,NA,75.7,2000-08-24,NA,9,"Daily record reached in 2010","8502799","NAIN",1999,2026
"BUI","09-19",2001-09-19,9.3421052631579,7.02909159528959,26.1,2010-09-19,NA,75.7,2000-08-24,NA,9,"Daily record reached in 2010","8502799","NAIN",1999,2026
"BUI","09-20",2001-09-20,9.46315789473684,7.71385553737312,28,2010-09-20,NA,75.7,2000-08-24,NA,9,"Daily record reached in 2010","8502799","NAIN",1999,2026
"BUI","09-21",2001-09-21,10.43,7.80809970816405,29.6,2010-09-21,NA,75.7,2000-08-24,NA,9,"Daily record reached in 2010","8502799","NAIN",1999,2026
"BUI","09-22",2001-09-22,9.725,8.59913551346572,31.3,2010-09-22,NA,75.7,2000-08-24,NA,9,"Daily record reached in 2010","8502799","NAIN",1999,2026
"BUI","09-23",2001-09-23,9.52631578947368,9.35846866065782,32.5,2010-09-23,NA,75.7,2000-08-24,NA,9,"Daily record reached in 2010","8502799","NAIN",1999,2026
"BUI","09-24",2001-09-24,9.12105263157895,8.86952203067514,29.9,2010-09-24,NA,75.7,2000-08-24,NA,9,"Daily record reached in 2010","8502799","NAIN",1999,2026
"BUI","09-25",2001-09-25,9.9,8.98548211777692,31.8,2010-09-25,NA,75.7,2000-08-24,NA,9,"Daily record reached in 2010","8502799","NAIN",1999,2026
"BUI","09-26",2001-09-26,10.4421052631579,9.56738184257519,33.2,2010-09-26,NA,75.7,2000-08-24,NA,9,"Daily record reached in 2010","8502799","NAIN",1999,2026
"BUI","09-27",2001-09-27,9.83157894736842,10.5479883617461,35.5,2010-09-27,NA,75.7,2000-08-24,NA,9,"Daily record reached in 2010","8502799","NAIN",1999,2026
"BUI","09-28",2001-09-28,10.9315789473684,11.3330908126786,36.9,2010-09-28,NA,75.7,2000-08-24,NA,9,"Daily record reached in 2010","8502799","NAIN",1999,2026
"BUI","09-29",2001-09-29,10.7578947368421,11.6303872004654,38.3,2010-09-29,NA,75.7,2000-08-24,NA,9,"Daily record reached in 2010","8502799","NAIN",1999,2026
"BUI","09-30",2001-09-30,9.085,11.2707481188204,38.8,2010-09-30,NA,75.7,2000-08-24,NA,9,"Daily record reached in 2010","8502799","NAIN",1999,2026
"BUI","10-01",2001-10-01,7.47647058823529,9.58693964540853,38.2,2013-10-01,NA,75.7,2000-08-24,NA,10,"Daily record reached in 2013","8502799","NAIN",1999,2026
"BUI","10-02",2001-10-02,8.16428571428571,10.6131708553286,39.3,2013-10-02,NA,75.7,2000-08-24,NA,10,"Daily record reached in 2013","8502799","NAIN",1999,2026
"BUI","10-03",2001-10-03,7.94,10.4762861467493,39.7,2013-10-03,NA,75.7,2000-08-24,NA,10,"Daily record reached in 2013","8502799","NAIN",1999,2026
"BUI","10-04",2001-10-04,7.7375,10.4805772741772,40,2013-10-04,NA,75.7,2000-08-24,NA,10,"Daily record reached in 2013","8502799","NAIN",1999,2026
"BUI","10-05",2001-10-05,7.96875,10.5374708382356,40.1,2013-10-05,NA,75.7,2000-08-24,NA,10,"Daily record reached in 2013","8502799","NAIN",1999,2026
"BUI","10-06",2001-10-06,8.30714285714286,11.3891624792178,40.4,2013-10-06,NA,75.7,2000-08-24,NA,10,"Daily record reached in 2013","8502799","NAIN",1999,2026
"BUI","10-07",2001-10-07,9.92307692307692,11.5575483160108,40.9,2013-10-07,NA,75.7,2000-08-24,NA,10,"Daily record reached in 2013","8502799","NAIN",1999,2026
"BUI","10-08",2001-10-08,9.88,12.2388997326829,41.4,2013-10-08,NA,75.7,2000-08-24,NA,10,"Daily record reached in 2013","8502799","NAIN",1999,2026
"BUI","10-09",2001-10-09,8.25384615384615,11.0168518933961,42.1,2013-10-09,NA,75.7,2000-08-24,NA,10,"Daily record reached in 2013","8502799","NAIN",1999,2026
"BUI","10-10",2001-10-10,7.83846153846154,11.4009165173637,42.7,2013-10-10,NA,75.7,2000-08-24,NA,10,"Daily record reached in 2013","8502799","NAIN",1999,2026
"BUI","10-11",2001-10-11,7.28,10.8530575020525,42.9,2013-10-11,NA,75.7,2000-08-24,NA,10,"Daily record reached in 2013","8502799","NAIN",1999,2026
"BUI","10-12",2001-10-12,7.4,11.4985506333045,43.5,2013-10-12,NA,75.7,2000-08-24,NA,10,"Daily record reached in 2013","8502799","NAIN",1999,2026
"BUI","10-13",2001-10-13,7.65625,11.0289902076301,44.4,2013-10-13,NA,75.7,2000-08-24,NA,10,"Daily record reached in 2013","8502799","NAIN",1999,2026
"BUI","10-14",2001-10-14,6.81428571428571,11.5926937961179,45.3,2013-10-14,NA,75.7,2000-08-24,NA,10,"Daily record reached in 2013","8502799","NAIN",1999,2026
"BUI","10-15",2001-10-15,6.4,12.5943710370221,45.8,2013-10-15,NA,75.7,2000-08-24,NA,10,"Daily record reached in 2013","8502799","NAIN",1999,2026
"BUI","10-16",2001-10-16,7.37,13.9263180106349,46.3,2013-10-16,NA,75.7,2000-08-24,NA,10,"Daily record reached in 2013","8502799","NAIN",1999,2026
"BUI","10-17",2001-10-17,6.5125,11.8330575085225,34.7,2013-10-17,NA,75.7,2000-08-24,NA,10,"Daily record reached in 2013","8502799","NAIN",1999,2026
"BUI","10-18",2001-10-18,4,6.54461610791649,22,2013-10-18,NA,75.7,2000-08-24,NA,10,"Daily record reached in 2013","8502799","NAIN",1999,2026
"BUI","10-19",2001-10-19,2.73636363636364,3.84922660472795,13.4,2013-10-19,NA,75.7,2000-08-24,NA,10,"Daily record reached in 2013","8502799","NAIN",1999,2026
"BUI","10-20",2001-10-20,2.18,2.83932699380994,9,2013-10-20,NA,75.7,2000-08-24,NA,10,"Daily record reached in 2013","8502799","NAIN",1999,2026
"BUI","10-21",2001-10-21,1.4375,1.95954623027155,5.9,2013-10-21,NA,75.7,2000-08-24,NA,10,"Daily record reached in 2013","8502799","NAIN",1999,2026
"BUI","10-22",2001-10-22,1.96666666666667,2.09539176925621,6.1,2013-10-22,NA,75.7,2000-08-24,NA,10,"Daily record reached in 2013","8502799","NAIN",1999,2026
"BUI","10-23",2001-10-23,1.5375,0.879833588161502,2.7,2011-10-23,NA,75.7,2000-08-24,NA,10,"Daily record reached in 2011","8502799","NAIN",1999,2026
"BUI","10-24",2001-10-24,1.5,1.13137084989848,3.4,2011-10-24,NA,75.7,2000-08-24,NA,10,"Daily record reached in 2011","8502799","NAIN",1999,2026
"BUI","10-25",2001-10-25,1.72222222222222,1.24476682332252,4.9,2004-10-25,NA,75.7,2000-08-24,NA,10,"Daily record reached in 2004","8502799","NAIN",1999,2026
"BUI","10-26",2001-10-26,1.9,2.01246117974981,6,2004-10-26,NA,75.7,2000-08-24,NA,10,"Daily record reached in 2004","8502799","NAIN",1999,2026
"BUI","10-27",2001-10-27,1.95714285714286,2.11963608736432,6.7,2004-10-27,NA,75.7,2000-08-24,NA,10,"Daily record reached in 2004","8502799","NAIN",1999,2026
"BUI","10-28",2001-10-28,2.1,2.49479458072203,7,2004-10-28,NA,75.7,2000-08-24,NA,10,"Daily record reached in 2004","8502799","NAIN",1999,2026
"BUI","10-29",2001-10-29,1.1,1.01488915650922,2,2005-10-29,NA,75.7,2000-08-24,NA,10,"Daily record reached in 2005","8502799","NAIN",1999,2026
"BUI","10-30",2001-10-30,3.125,3.25819479671387,7.9,2004-10-30,NA,75.7,2000-08-24,NA,10,"Daily record reached in 2004","8502799","NAIN",1999,2026
"BUI","10-31",2001-10-31,3,4.43057558337514,8.1,2004-10-31,NA,75.7,2000-08-24,NA,10,"Daily record reached in 2004","8502799","NAIN",1999,2026
"DC","04-01",2001-04-01,NA,NA,NA,NA,NA,348.5,2003-09-28,NA,4,"Daily record reached in NA","8502799","NAIN",1999,2026
"DC","04-02",2001-04-02,NA,NA,NA,NA,NA,348.5,2003-09-28,NA,4,"Daily record reached in NA","8502799","NAIN",1999,2026
"DC","04-03",2001-04-03,NA,NA,NA,NA,NA,348.5,2003-09-28,NA,4,"Daily record reached in NA","8502799","NAIN",1999,2026
"DC","04-04",2001-04-04,NA,NA,NA,NA,NA,348.5,2003-09-28,NA,4,"Daily record reached in NA","8502799","NAIN",1999,2026
"DC","04-05",2001-04-05,NA,NA,NA,NA,NA,348.5,2003-09-28,NA,4,"Daily record reached in NA","8502799","NAIN",1999,2026
"DC","04-06",2001-04-06,NA,NA,NA,NA,NA,348.5,2003-09-28,NA,4,"Daily record reached in NA","8502799","NAIN",1999,2026
"DC","04-07",2001-04-07,NA,NA,NA,NA,NA,348.5,2003-09-28,NA,4,"Daily record reached in NA","8502799","NAIN",1999,2026
"DC","04-08",2001-04-08,NA,NA,NA,NA,NA,348.5,2003-09-28,NA,4,"Daily record reached in NA","8502799","NAIN",1999,2026
"DC","04-09",2001-04-09,NA,NA,NA,NA,NA,348.5,2003-09-28,NA,4,"Daily record reached in NA","8502799","NAIN",1999,2026
"DC","04-10",2001-04-10,NA,NA,NA,NA,NA,348.5,2003-09-28,NA,4,"Daily record reached in NA","8502799","NAIN",1999,2026
"DC","04-11",2001-04-11,NA,NA,NA,NA,NA,348.5,2003-09-28,NA,4,"Daily record reached in NA","8502799","NAIN",1999,2026
"DC","04-12",2001-04-12,NA,NA,NA,NA,NA,348.5,2003-09-28,NA,4,"Daily record reached in NA","8502799","NAIN",1999,2026
"DC","04-13",2001-04-13,NA,NA,NA,NA,NA,348.5,2003-09-28,NA,4,"Daily record reached in NA","8502799","NAIN",1999,2026
"DC","04-14",2001-04-14,NA,NA,NA,NA,NA,348.5,2003-09-28,NA,4,"Daily record reached in NA","8502799","NAIN",1999,2026
"DC","04-15",2001-04-15,NA,NA,NA,NA,NA,348.5,2003-09-28,NA,4,"Daily record reached in NA","8502799","NAIN",1999,2026
"DC","04-16",2001-04-16,NA,NA,NA,NA,NA,348.5,2003-09-28,NA,4,"Daily record reached in NA","8502799","NAIN",1999,2026
"DC","04-17",2001-04-17,NA,NA,NA,NA,NA,348.5,2003-09-28,NA,4,"Daily record reached in NA","8502799","NAIN",1999,2026
"DC","04-18",2001-04-18,NA,NA,NA,NA,NA,348.5,2003-09-28,NA,4,"Daily record reached in NA","8502799","NAIN",1999,2026
"DC","04-19",2001-04-19,NA,NA,NA,NA,NA,348.5,2003-09-28,NA,4,"Daily record reached in NA","8502799","NAIN",1999,2026
"DC","04-20",2001-04-20,NA,NA,NA,NA,NA,348.5,2003-09-28,NA,4,"Daily record reached in NA","8502799","NAIN",1999,2026
"DC","04-21",2001-04-21,NA,NA,NA,NA,NA,348.5,2003-09-28,NA,4,"Daily record reached in NA","8502799","NAIN",1999,2026
"DC","04-22",2001-04-22,NA,NA,NA,NA,NA,348.5,2003-09-28,NA,4,"Daily record reached in NA","8502799","NAIN",1999,2026
"DC","04-23",2001-04-23,NA,NA,NA,NA,NA,348.5,2003-09-28,NA,4,"Daily record reached in NA","8502799","NAIN",1999,2026
"DC","04-24",2001-04-24,NA,NA,NA,NA,NA,348.5,2003-09-28,NA,4,"Daily record reached in NA","8502799","NAIN",1999,2026
"DC","04-25",2001-04-25,NA,NA,NA,NA,NA,348.5,2003-09-28,NA,4,"Daily record reached in NA","8502799","NAIN",1999,2026
"DC","04-26",2001-04-26,NA,NA,NA,NA,NA,348.5,2003-09-28,NA,4,"Daily record reached in NA","8502799","NAIN",1999,2026
"DC","04-27",2001-04-27,NA,NA,NA,NA,NA,348.5,2003-09-28,NA,4,"Daily record reached in NA","8502799","NAIN",1999,2026
"DC","04-28",2001-04-28,NA,NA,NA,NA,NA,348.5,2003-09-28,NA,4,"Daily record reached in NA","8502799","NAIN",1999,2026
"DC","04-29",2001-04-29,NA,NA,NA,NA,NA,348.5,2003-09-28,NA,4,"Daily record reached in NA","8502799","NAIN",1999,2026
"DC","04-30",2001-04-30,NA,NA,NA,NA,NA,348.5,2003-09-28,NA,4,"Daily record reached in NA","8502799","NAIN",1999,2026
"DC","05-01",2001-05-01,NA,NA,NA,NA,NA,348.5,2003-09-28,NA,5,"Daily record reached in NA","8502799","NAIN",1999,2026
"DC","05-02",2001-05-02,NA,NA,NA,NA,NA,348.5,2003-09-28,NA,5,"Daily record reached in NA","8502799","NAIN",1999,2026
"DC","05-03",2001-05-03,NA,NA,NA,NA,NA,348.5,2003-09-28,NA,5,"Daily record reached in NA","8502799","NAIN",1999,2026
"DC","05-04",2001-05-04,NA,NA,NA,NA,NA,348.5,2003-09-28,NA,5,"Daily record reached in NA","8502799","NAIN",1999,2026
"DC","05-05",2001-05-05,NA,NA,NA,NA,NA,348.5,2003-09-28,NA,5,"Daily record reached in NA","8502799","NAIN",1999,2026
"DC","05-06",2001-05-06,NA,NA,NA,NA,NA,348.5,2003-09-28,NA,5,"Daily record reached in NA","8502799","NAIN",1999,2026
"DC","05-07",2001-05-07,NA,NA,NA,NA,NA,348.5,2003-09-28,NA,5,"Daily record reached in NA","8502799","NAIN",1999,2026
"DC","05-08",2001-05-08,NA,NA,NA,NA,NA,348.5,2003-09-28,NA,5,"Daily record reached in NA","8502799","NAIN",1999,2026
"DC","05-09",2001-05-09,NA,NA,NA,NA,NA,348.5,2003-09-28,NA,5,"Daily record reached in NA","8502799","NAIN",1999,2026
"DC","05-10",2001-05-10,15,NA,15,2005-05-10,NA,348.5,2003-09-28,NA,5,"Daily record reached in 2005","8502799","NAIN",1999,2026
"DC","05-11",2001-05-11,15,0,15,2005-05-11,NA,348.5,2003-09-28,NA,5,"Daily record reached in 2005","8502799","NAIN",1999,2026
"DC","05-12",2001-05-12,8.45,9.26309883354377,15,2006-05-12,NA,348.5,2003-09-28,NA,5,"Daily record reached in 2006","8502799","NAIN",1999,2026
"DC","05-13",2001-05-13,11.6,13.5764501987817,21.2,2006-05-13,NA,348.5,2003-09-28,NA,5,"Daily record reached in 2006","8502799","NAIN",1999,2026
"DC","05-14",2001-05-14,13.6,15.4149278298667,24.5,2006-05-14,NA,348.5,2003-09-28,NA,5,"Daily record reached in 2006","8502799","NAIN",1999,2026
"DC","05-15",2001-05-15,16.45,15.4856385079854,27.4,2006-05-15,NA,348.5,2003-09-28,NA,5,"Daily record reached in 2006","8502799","NAIN",1999,2026
"DC","05-16",2001-05-16,19.75,15.6270598642227,30.8,2006-05-16,NA,348.5,2003-09-28,NA,5,"Daily record reached in 2006","8502799","NAIN",1999,2026
"DC","05-17",2001-05-17,22.75,15.4856385079854,33.7,2006-05-17,NA,348.5,2003-09-28,NA,5,"Daily record reached in 2006","8502799","NAIN",1999,2026
"DC","05-18",2001-05-18,25.85,15.4856385079854,36.8,2006-05-18,NA,348.5,2003-09-28,NA,5,"Daily record reached in 2006","8502799","NAIN",1999,2026
"DC","05-19",2001-05-19,40.1,NA,40.1,2006-05-19,NA,348.5,2003-09-28,NA,5,"Daily record reached in 2006","8502799","NAIN",1999,2026
"DC","05-20",2001-05-20,43.2,NA,43.2,2006-05-20,NA,348.5,2003-09-28,NA,5,"Daily record reached in 2006","8502799","NAIN",1999,2026
"DC","05-21",2001-05-21,46,NA,46,2006-05-21,NA,348.5,2003-09-28,NA,5,"Daily record reached in 2006","8502799","NAIN",1999,2026
"DC","05-22",2001-05-22,23.6,14.8956369450923,40.8,2006-05-22,NA,348.5,2003-09-28,NA,5,"Daily record reached in 2006","8502799","NAIN",1999,2026
"DC","05-23",2001-05-23,24.7333333333333,16.8586278603371,44.2,2006-05-23,NA,348.5,2003-09-28,NA,5,"Daily record reached in 2006","8502799","NAIN",1999,2026
"DC","05-24",2001-05-24,28.9666666666667,16.416252109825,47.9,2006-05-24,NA,348.5,2003-09-28,NA,5,"Daily record reached in 2006","8502799","NAIN",1999,2026
"DC","05-25",2001-05-25,32.3666666666667,16.793550349266,51.7,2006-05-25,NA,348.5,2003-09-28,NA,5,"Daily record reached in 2006","8502799","NAIN",1999,2026
"DC","05-26",2001-05-26,33.8333333333333,13.2507861402006,49,2006-05-26,NA,348.5,2003-09-28,NA,5,"Daily record reached in 2006","8502799","NAIN",1999,2026
"DC","05-27",2001-05-27,37.2,13.7218803376214,52.9,2006-05-27,NA,348.5,2003-09-28,NA,5,"Daily record reached in 2006","8502799","NAIN",1999,2026
"DC","05-28",2001-05-28,40.5666666666667,14.0631907237772,56.7,2006-05-28,NA,348.5,2003-09-28,NA,5,"Daily record reached in 2006","8502799","NAIN",1999,2026
"DC","05-29",2001-05-29,44.0666666666667,14.0079739196407,60.1,2006-05-29,NA,348.5,2003-09-28,NA,5,"Daily record reached in 2006","8502799","NAIN",1999,2026
"DC","05-30",2001-05-30,47.7666666666667,15.1572864765872,65.1,2006-05-30,NA,348.5,2003-09-28,NA,5,"Daily record reached in 2006","8502799","NAIN",1999,2026
"DC","05-31",2001-05-31,51.9333333333333,15.308276628456,69.1,2006-05-31,NA,348.5,2003-09-28,NA,5,"Daily record reached in 2006","8502799","NAIN",1999,2026
"DC","06-01",2001-06-01,56.9333333333333,15.5872811398696,74.2,2006-06-01,NA,348.5,2003-09-28,NA,6,"Daily record reached in 2006","8502799","NAIN",1999,2026
"DC","06-02",2001-06-02,62.3666666666667,15.6576924651538,79.5,2006-06-02,NA,348.5,2003-09-28,NA,6,"Daily record reached in 2006","8502799","NAIN",1999,2026
"DC","06-03",2001-06-03,54.05,29.1120250068593,84.3,2006-06-03,NA,348.5,2003-09-28,NA,6,"Daily record reached in 2006","8502799","NAIN",1999,2026
"DC","06-04",2001-06-04,57.25,31.1966344338616,89.1,2006-06-04,NA,348.5,2003-09-28,NA,6,"Daily record reached in 2006","8502799","NAIN",1999,2026
"DC","06-05",2001-06-05,51.9,33.2416906910584,90.4,2006-06-05,15,348.5,2003-09-28,NA,6,"Daily record reached in 2006","8502799","NAIN",1999,2026
"DC","06-06",2001-06-06,55.94,34.4654609718193,95,2006-06-06,21.7,348.5,2003-09-28,NA,6,"Daily record reached in 2006","8502799","NAIN",1999,2026
"DC","06-07",2001-06-07,60.5,34.9245615577347,100.7,2006-06-07,26.5,348.5,2003-09-28,NA,6,"Daily record reached in 2006","8502799","NAIN",1999,2026
"DC","06-08",2001-06-08,51.55,41.327025056251,107.9,2006-06-08,32.6,348.5,2003-09-28,NA,6,"Daily record reached in 2006","8502799","NAIN",1999,2026
"DC","06-09",2001-06-09,54.5666666666667,42.9601055243893,116.1,2006-06-09,37.6,348.5,2003-09-28,NA,6,"Daily record reached in 2006","8502799","NAIN",1999,2026
"DC","06-10",2001-06-10,53.1142857142857,42.7977580632221,121.4,2006-06-10,42.3,348.5,2003-09-28,NA,6,"Daily record reached in 2006","8502799","NAIN",1999,2026
"DC","06-11",2001-06-11,57.2285714285714,43.3494603690255,126,2006-06-11,47.2,348.5,2003-09-28,NA,6,"Daily record reached in 2006","8502799","NAIN",1999,2026
"DC","06-12",2001-06-12,58.6666666666667,50.3384412419243,130.6,2006-06-12,51.9,348.5,2003-09-28,NA,6,"Daily record reached in 2006","8502799","NAIN",1999,2026
"DC","06-13",2001-06-13,56.3571428571429,49.8009657584689,136.2,2006-06-13,56.1,348.5,2003-09-28,NA,6,"Daily record reached in 2006","8502799","NAIN",1999,2026
"DC","06-14",2001-06-14,55.9375,48.7945529014986,142.8,2006-06-14,60.7,348.5,2003-09-28,NA,6,"Daily record reached in 2006","8502799","NAIN",1999,2026
"DC","06-15",2001-06-15,59.9375,47.8503899819904,143.2,2006-06-15,NA,348.5,2003-09-28,NA,6,"Daily record reached in 2006","8502799","NAIN",1999,2026
"DC","06-16",2001-06-16,57.7444444444444,49.6532504251009,150.6,2006-06-16,NA,348.5,2003-09-28,NA,6,"Daily record reached in 2006","8502799","NAIN",1999,2026
"DC","06-17",2001-06-17,55.22,46.7860568023328,140.3,2006-06-17,NA,348.5,2003-09-28,NA,6,"Daily record reached in 2006","8502799","NAIN",1999,2026
"DC","06-18",2001-06-18,55.9454545454546,42.6609039668961,138,2005-06-18,NA,348.5,2003-09-28,NA,6,"Daily record reached in 2005","8502799","NAIN",1999,2026
"DC","06-19",2001-06-19,59.3545454545455,44.1696358064307,145.7,2005-06-19,NA,348.5,2003-09-28,NA,6,"Daily record reached in 2005","8502799","NAIN",1999,2026
"DC","06-20",2001-06-20,62.5636363636364,45.1531454657873,146.9,2005-06-20,NA,348.5,2003-09-28,NA,6,"Daily record reached in 2005","8502799","NAIN",1999,2026
"DC","06-21",2001-06-21,60.8153846153846,45.8683959125425,152.1,2005-06-21,NA,348.5,2003-09-28,NA,6,"Daily record reached in 2005","8502799","NAIN",1999,2026
"DC","06-22",2001-06-22,57.4076923076923,40.1425680447922,145.8,2006-06-22,NA,348.5,2003-09-28,NA,6,"Daily record reached in 2006","8502799","NAIN",1999,2026
"DC","06-23",2001-06-23,59.8714285714286,39.2641827109141,151.8,2006-06-23,NA,348.5,2003-09-28,NA,6,"Daily record reached in 2006","8502799","NAIN",1999,2026
"DC","06-24",2001-06-24,61.9923076923077,43.9635921632598,158.3,2006-06-24,NA,348.5,2003-09-28,NA,6,"Daily record reached in 2006","8502799","NAIN",1999,2026
"DC","06-25",2001-06-25,59.3571428571429,43.842861260603,163.9,2006-06-25,NA,348.5,2003-09-28,NA,6,"Daily record reached in 2006","8502799","NAIN",1999,2026
"DC","06-26",2001-06-26,59.2666666666667,44.9254408781398,169.8,2006-06-26,NA,348.5,2003-09-28,NA,6,"Daily record reached in 2006","8502799","NAIN",1999,2026
"DC","06-27",2001-06-27,61.4666666666667,47.327576779395,175.1,2006-06-27,NA,348.5,2003-09-28,NA,6,"Daily record reached in 2006","8502799","NAIN",1999,2026
"DC","06-28",2001-06-28,61.8333333333333,44.4601212431138,180.4,2006-06-28,NA,348.5,2003-09-28,NA,6,"Daily record reached in 2006","8502799","NAIN",1999,2026
"DC","06-29",2001-06-29,63.79375,41.4781945725703,180.4,2006-06-29,NA,348.5,2003-09-28,NA,6,"Daily record reached in 2006","8502799","NAIN",1999,2026
"DC","06-30",2001-06-30,66.78125,42.7265291319886,184.8,2006-06-30,NA,348.5,2003-09-28,NA,6,"Daily record reached in 2006","8502799","NAIN",1999,2026
"DC","07-01",2001-07-01,64.1941176470588,32.9958041004503,126,2012-07-01,NA,348.5,2003-09-28,NA,7,"Daily record reached in 2012","8502799","NAIN",1999,2026
"DC","07-02",2001-07-02,62.3117647058824,30.7010358610451,131.9,2012-07-02,NA,348.5,2003-09-28,NA,7,"Daily record reached in 2012","8502799","NAIN",1999,2026
"DC","07-03",2001-07-03,64.4882352941177,30.6683240973676,133.1,2012-07-03,NA,348.5,2003-09-28,NA,7,"Daily record reached in 2012","8502799","NAIN",1999,2026
"DC","07-04",2001-07-04,65.7647058823529,30.6174366410807,131.8,2012-07-04,NA,348.5,2003-09-28,NA,7,"Daily record reached in 2012","8502799","NAIN",1999,2026
"DC","07-05",2001-07-05,63.6722222222222,28.3982560681535,115.9,2006-07-05,NA,348.5,2003-09-28,NA,7,"Daily record reached in 2006","8502799","NAIN",1999,2026
"DC","07-06",2001-07-06,63.35,28.3181972257707,122.8,2006-07-06,NA,348.5,2003-09-28,NA,7,"Daily record reached in 2006","8502799","NAIN",1999,2026
"DC","07-07",2001-07-07,64.6833333333333,32.0584989190258,128.7,2006-07-07,NA,348.5,2003-09-28,NA,7,"Daily record reached in 2006","8502799","NAIN",1999,2026
"DC","07-08",2001-07-08,67.5473684210526,31.1293782002549,134.9,2006-07-08,NA,348.5,2003-09-28,NA,7,"Daily record reached in 2006","8502799","NAIN",1999,2026
"DC","07-09",2001-07-09,67.445,34.582205265897,140.4,2006-07-09,NA,348.5,2003-09-28,NA,7,"Daily record reached in 2006","8502799","NAIN",1999,2026
"DC","07-10",2001-07-10,67.88,35.8671466738897,146.9,2006-07-10,NA,348.5,2003-09-28,NA,7,"Daily record reached in 2006","8502799","NAIN",1999,2026
"DC","07-11",2001-07-11,69.615,37.6372194705412,152.9,2006-07-11,NA,348.5,2003-09-28,NA,7,"Daily record reached in 2006","8502799","NAIN",1999,2026
"DC","07-12",2001-07-12,72.2684210526316,37.9189787226452,158.9,2006-07-12,NA,348.5,2003-09-28,NA,7,"Daily record reached in 2006","8502799","NAIN",1999,2026
"DC","07-13",2001-07-13,73.5,39.2447649877964,166,2006-07-13,NA,348.5,2003-09-28,NA,7,"Daily record reached in 2006","8502799","NAIN",1999,2026
"DC","07-14",2001-07-14,77.46,39.5771917303787,172.2,2006-07-14,NA,348.5,2003-09-28,NA,7,"Daily record reached in 2006","8502799","NAIN",1999,2026
"DC","07-15",2001-07-15,80.345,39.843885815042,179.2,2006-07-15,NA,348.5,2003-09-28,NA,7,"Daily record reached in 2006","8502799","NAIN",1999,2026
"DC","07-16",2001-07-16,85.04,41.7208568312881,186.3,2006-07-16,NA,348.5,2003-09-28,NA,7,"Daily record reached in 2006","8502799","NAIN",1999,2026
"DC","07-17",2001-07-17,89.47,42.7764581098184,189.5,2006-07-17,NA,348.5,2003-09-28,NA,7,"Daily record reached in 2006","8502799","NAIN",1999,2026
"DC","07-18",2001-07-18,92.19,45.0224259908911,187.5,2006-07-18,NA,348.5,2003-09-28,NA,7,"Daily record reached in 2006","8502799","NAIN",1999,2026
"DC","07-19",2001-07-19,93.915,43.3791639894207,166.1,2006-07-19,NA,348.5,2003-09-28,NA,7,"Daily record reached in 2006","8502799","NAIN",1999,2026
"DC","07-20",2001-07-20,95.79,42.2344072752861,174.9,2006-07-20,NA,348.5,2003-09-28,NA,7,"Daily record reached in 2006","8502799","NAIN",1999,2026
"DC","07-21",2001-07-21,97.135,39.8987438794493,154,2002-07-21,NA,348.5,2003-09-28,NA,7,"Daily record reached in 2002","8502799","NAIN",1999,2026
"DC","07-22",2001-07-22,100.245,39.6978916979625,160.1,2002-07-22,NA,348.5,2003-09-28,NA,7,"Daily record reached in 2002","8502799","NAIN",1999,2026
"DC","07-23",2001-07-23,103.035,38.1805995789816,165.9,2002-07-23,NA,348.5,2003-09-28,NA,7,"Daily record reached in 2002","8502799","NAIN",1999,2026
"DC","07-24",2001-07-24,105.475,43.4830623407128,172.6,2002-07-24,NA,348.5,2003-09-28,NA,7,"Daily record reached in 2002","8502799","NAIN",1999,2026
"DC","07-25",2001-07-25,103.22,45.7399468390826,179.5,2002-07-25,NA,348.5,2003-09-28,NA,7,"Daily record reached in 2002","8502799","NAIN",1999,2026
"DC","07-26",2001-07-26,105.15,45.7996150294094,186.6,2002-07-26,NA,348.5,2003-09-28,NA,7,"Daily record reached in 2002","8502799","NAIN",1999,2026
"DC","07-27",2001-07-27,108.86,48.1732006737968,193.2,2002-07-27,NA,348.5,2003-09-28,NA,7,"Daily record reached in 2002","8502799","NAIN",1999,2026
"DC","07-28",2001-07-28,112.155,50.9113623446621,198.9,2002-07-28,NA,348.5,2003-09-28,NA,7,"Daily record reached in 2002","8502799","NAIN",1999,2026
"DC","07-29",2001-07-29,111.755,54.5381611930196,198,2002-07-29,NA,348.5,2003-09-28,NA,7,"Daily record reached in 2002","8502799","NAIN",1999,2026
"DC","07-30",2001-07-30,113.47,53.1632055189737,196.8,2002-07-30,NA,348.5,2003-09-28,NA,7,"Daily record reached in 2002","8502799","NAIN",1999,2026
"DC","07-31",2001-07-31,113.25,59.4701561599111,201.9,2002-07-31,NA,348.5,2003-09-28,NA,7,"Daily record reached in 2002","8502799","NAIN",1999,2026
"DC","08-01",2001-08-01,116.205,60.1238500273,206.5,2002-08-01,NA,348.5,2003-09-28,NA,8,"Daily record reached in 2002","8502799","NAIN",1999,2026
"DC","08-02",2001-08-02,117.4,60.9812223039536,210.8,2002-08-02,NA,348.5,2003-09-28,NA,8,"Daily record reached in 2002","8502799","NAIN",1999,2026
"DC","08-03",2001-08-03,117.473684210526,62.0193414464415,214.7,2002-08-03,NA,348.5,2003-09-28,NA,8,"Daily record reached in 2002","8502799","NAIN",1999,2026
"DC","08-04",2001-08-04,121.545,63.31148956174,219.9,2002-08-04,NA,348.5,2003-09-28,NA,8,"Daily record reached in 2002","8502799","NAIN",1999,2026
"DC","08-05",2001-08-05,124.12,62.9563056496538,224.3,2002-08-05,NA,348.5,2003-09-28,NA,8,"Daily record reached in 2002","8502799","NAIN",1999,2026
"DC","08-06",2001-08-06,123.095,63.4866374253586,223.6,2002-08-06,NA,348.5,2003-09-28,NA,8,"Daily record reached in 2002","8502799","NAIN",1999,2026
"DC","08-07",2001-08-07,121.545,63.3708174162209,228.2,2002-08-07,NA,348.5,2003-09-28,NA,8,"Daily record reached in 2002","8502799","NAIN",1999,2026
"DC","08-08",2001-08-08,119.489473684211,64.8173578838334,217.3,2003-08-08,NA,348.5,2003-09-28,NA,8,"Daily record reached in 2003","8502799","NAIN",1999,2026
"DC","08-09",2001-08-09,122.265,63.7703137913922,223.6,2003-08-09,NA,348.5,2003-09-28,NA,8,"Daily record reached in 2003","8502799","NAIN",1999,2026
"DC","08-10",2001-08-10,124.92,64.6453124445434,230.8,2003-08-10,NA,348.5,2003-09-28,NA,8,"Daily record reached in 2003","8502799","NAIN",1999,2026
"DC","08-11",2001-08-11,129.13,64.2948397700207,236.6,2003-08-11,NA,348.5,2003-09-28,NA,8,"Daily record reached in 2003","8502799","NAIN",1999,2026
"DC","08-12",2001-08-12,129.9,65.8724365325653,242.6,2003-08-12,NA,348.5,2003-09-28,NA,8,"Daily record reached in 2003","8502799","NAIN",1999,2026
"DC","08-13",2001-08-13,131.715,68.3759751205364,248.4,2003-08-13,NA,348.5,2003-09-28,NA,8,"Daily record reached in 2003","8502799","NAIN",1999,2026
"DC","08-14",2001-08-14,131.855,71.329439371501,254.2,2003-08-14,NA,348.5,2003-09-28,NA,8,"Daily record reached in 2003","8502799","NAIN",1999,2026
"DC","08-15",2001-08-15,135.105263157895,74.1829680488588,261.3,2003-08-15,NA,348.5,2003-09-28,NA,8,"Daily record reached in 2003","8502799","NAIN",1999,2026
"DC","08-16",2001-08-16,138.545,71.2358829966737,267.2,2003-08-16,NA,348.5,2003-09-28,NA,8,"Daily record reached in 2003","8502799","NAIN",1999,2026
"DC","08-17",2001-08-17,141.52,71.3277136661628,268.1,2003-08-17,NA,348.5,2003-09-28,NA,8,"Daily record reached in 2003","8502799","NAIN",1999,2026
"DC","08-18",2001-08-18,145.42,71.4477401948261,274.5,2003-08-18,NA,348.5,2003-09-28,NA,8,"Daily record reached in 2003","8502799","NAIN",1999,2026
"DC","08-19",2001-08-19,146.9,72.4261075347252,281.4,2003-08-19,NA,348.5,2003-09-28,NA,8,"Daily record reached in 2003","8502799","NAIN",1999,2026
"DC","08-20",2001-08-20,147.265,74.7715768893924,286.6,2003-08-20,NA,348.5,2003-09-28,NA,8,"Daily record reached in 2003","8502799","NAIN",1999,2026
"DC","08-21",2001-08-21,148.778947368421,79.0229051108838,291.7,2003-08-21,NA,348.5,2003-09-28,NA,8,"Daily record reached in 2003","8502799","NAIN",1999,2026
"DC","08-22",2001-08-22,151.6,75.7321526656177,288.1,2003-08-22,NA,348.5,2003-09-28,NA,8,"Daily record reached in 2003","8502799","NAIN",1999,2026
"DC","08-23",2001-08-23,148.6,75.6178063129244,293.6,2003-08-23,NA,348.5,2003-09-28,NA,8,"Daily record reached in 2003","8502799","NAIN",1999,2026
"DC","08-24",2001-08-24,149.66,78.6877867872371,299.1,2003-08-24,NA,348.5,2003-09-28,NA,8,"Daily record reached in 2003","8502799","NAIN",1999,2026
"DC","08-25",2001-08-25,159.3,71.6748987520116,304.7,2003-08-25,NA,348.5,2003-09-28,NA,8,"Daily record reached in 2003","8502799","NAIN",1999,2026
"DC","08-26",2001-08-26,152.55,71.7703171307793,282.8,2003-08-26,NA,348.5,2003-09-28,NA,8,"Daily record reached in 2003","8502799","NAIN",1999,2026
"DC","08-27",2001-08-27,146.45,67.812702582768,288.2,2000-08-27,NA,348.5,2003-09-28,NA,8,"Daily record reached in 2000","8502799","NAIN",1999,2026
"DC","08-28",2001-08-28,149.605,67.1373492021746,292.9,2000-08-28,NA,348.5,2003-09-28,NA,8,"Daily record reached in 2000","8502799","NAIN",1999,2026
"DC","08-29",2001-08-29,158.473684210526,63.6241030681618,299,2000-08-29,NA,348.5,2003-09-28,NA,8,"Daily record reached in 2000","8502799","NAIN",1999,2026
"DC","08-30",2001-08-30,154.22,65.2500421455803,305,2000-08-30,NA,348.5,2003-09-28,NA,8,"Daily record reached in 2000","8502799","NAIN",1999,2026
"DC","08-31",2001-08-31,155.795,63.5397966880434,299.4,2000-08-31,NA,348.5,2003-09-28,NA,8,"Daily record reached in 2000","8502799","NAIN",1999,2026
"DC","09-01",2001-09-01,154.095,63.1870862472788,293.8,2000-09-01,NA,348.5,2003-09-28,NA,9,"Daily record reached in 2000","8502799","NAIN",1999,2026
"DC","09-02",2001-09-02,153.295,63.0483479895431,297.6,2000-09-02,NA,348.5,2003-09-28,NA,9,"Daily record reached in 2000","8502799","NAIN",1999,2026
"DC","09-03",2001-09-03,155.71,63.8485700289117,301.4,2000-09-03,NA,348.5,2003-09-28,NA,9,"Daily record reached in 2000","8502799","NAIN",1999,2026
"DC","09-04",2001-09-04,153.32,66.6056469867707,305.2,2000-09-04,NA,348.5,2003-09-28,NA,9,"Daily record reached in 2000","8502799","NAIN",1999,2026
"DC","09-05",2001-09-05,152.935,67.7152729021343,308.7,2000-09-05,NA,348.5,2003-09-28,NA,9,"Daily record reached in 2000","8502799","NAIN",1999,2026
"DC","09-06",2001-09-06,151.025,69.632402280608,313,2000-09-06,NA,348.5,2003-09-28,NA,9,"Daily record reached in 2000","8502799","NAIN",1999,2026
"DC","09-07",2001-09-07,153.97,69.7333575693494,317,2000-09-07,NA,348.5,2003-09-28,NA,9,"Daily record reached in 2000","8502799","NAIN",1999,2026
"DC","09-08",2001-09-08,151.555,69.1870955035007,307.2,2000-09-08,NA,348.5,2003-09-28,NA,9,"Daily record reached in 2000","8502799","NAIN",1999,2026
"DC","09-09",2001-09-09,151.905,71.650977699283,310.9,2000-09-09,NA,348.5,2003-09-28,NA,9,"Daily record reached in 2000","8502799","NAIN",1999,2026
"DC","09-10",2001-09-10,149.994736842105,70.1385016606762,314.8,2000-09-10,NA,348.5,2003-09-28,NA,9,"Daily record reached in 2000","8502799","NAIN",1999,2026
"DC","09-11",2001-09-11,152.663157894737,70.9286904066825,320.3,2000-09-11,NA,348.5,2003-09-28,NA,9,"Daily record reached in 2000","8502799","NAIN",1999,2026
"DC","09-12",2001-09-12,153.165,70.7408932208536,317.1,2000-09-12,NA,348.5,2003-09-28,NA,9,"Daily record reached in 2000","8502799","NAIN",1999,2026
"DC","09-13",2001-09-13,151.29,76.4600267081468,321.4,2000-09-13,NA,348.5,2003-09-28,NA,9,"Daily record reached in 2000","8502799","NAIN",1999,2026
"DC","09-14",2001-09-14,151.855,78.0119928364594,326.1,2000-09-14,NA,348.5,2003-09-28,NA,9,"Daily record reached in 2000","8502799","NAIN",1999,2026
"DC","09-15",2001-09-15,151.18,80.5735466580231,330.5,2000-09-15,NA,348.5,2003-09-28,NA,9,"Daily record reached in 2000","8502799","NAIN",1999,2026
"DC","09-16",2001-09-16,150.03,78.4283924152606,303.5,2003-09-16,NA,348.5,2003-09-28,NA,9,"Daily record reached in 2003","8502799","NAIN",1999,2026
"DC","09-17",2001-09-17,146.6,80.5920852846377,306.7,2003-09-17,NA,348.5,2003-09-28,NA,9,"Daily record reached in 2003","8502799","NAIN",1999,2026
"DC","09-18",2001-09-18,148.815,80.9402396508488,310.7,2003-09-18,NA,348.5,2003-09-28,NA,9,"Daily record reached in 2003","8502799","NAIN",1999,2026
"DC","09-19",2001-09-19,147.965,81.1300727876311,314.1,2003-09-19,NA,348.5,2003-09-28,NA,9,"Daily record reached in 2003","8502799","NAIN",1999,2026
"DC","09-20",2001-09-20,147.615,81.3028275225277,317.6,2003-09-20,NA,348.5,2003-09-28,NA,9,"Daily record reached in 2003","8502799","NAIN",1999,2026
"DC","09-21",2001-09-21,145.925,80.9211889173007,321.7,2003-09-21,NA,348.5,2003-09-28,NA,9,"Daily record reached in 2003","8502799","NAIN",1999,2026
"DC","09-22",2001-09-22,143.86,82.788305810346,326.1,2003-09-22,NA,348.5,2003-09-28,NA,9,"Daily record reached in 2003","8502799","NAIN",1999,2026
"DC","09-23",2001-09-23,138.395,89.970401419461,330.5,2003-09-23,NA,348.5,2003-09-28,NA,9,"Daily record reached in 2003","8502799","NAIN",1999,2026
"DC","09-24",2001-09-24,137.085,91.4538265724122,330,2003-09-24,NA,348.5,2003-09-28,NA,9,"Daily record reached in 2003","8502799","NAIN",1999,2026
"DC","09-25",2001-09-25,139.68,91.8266937453948,335.1,2003-09-25,NA,348.5,2003-09-28,NA,9,"Daily record reached in 2003","8502799","NAIN",1999,2026
"DC","09-26",2001-09-26,139.873684210526,93.7497249898501,339.1,2003-09-26,NA,348.5,2003-09-28,NA,9,"Daily record reached in 2003","8502799","NAIN",1999,2026
"DC","09-27",2001-09-27,142.805,92.6268602341789,343.3,2003-09-27,NA,348.5,2003-09-28,NA,9,"Daily record reached in 2003","8502799","NAIN",1999,2026
"DC","09-28",2001-09-28,151.094736842105,90.7692891877485,348.5,2003-09-28,NA,348.5,2003-09-28,NA,9,"Daily record reached in 2003","8502799","NAIN",1999,2026
"DC","09-29",2001-09-29,145.11,95.0837409312112,343.3,2003-09-29,NA,348.5,2003-09-28,NA,9,"Daily record reached in 2003","8502799","NAIN",1999,2026
"DC","09-30",2001-09-30,142.525,94.1547040220173,319,2003-09-30,NA,348.5,2003-09-28,NA,9,"Daily record reached in 2003","8502799","NAIN",1999,2026
"DC","10-01",2001-10-01,139.665,94.4195690856286,305.2,2003-10-01,NA,348.5,2003-09-28,NA,10,"Daily record reached in 2003","8502799","NAIN",1999,2026
"DC","10-02",2001-10-02,139.82,92.9603005249241,307.8,2003-10-02,NA,348.5,2003-09-28,NA,10,"Daily record reached in 2003","8502799","NAIN",1999,2026
"DC","10-03",2001-10-03,139.42,94.009857265916,309.5,2003-10-03,NA,348.5,2003-09-28,NA,10,"Daily record reached in 2003","8502799","NAIN",1999,2026
"DC","10-04",2001-10-04,135.105,86.5464796024595,290,2010-10-04,NA,348.5,2003-09-28,NA,10,"Daily record reached in 2010","8502799","NAIN",1999,2026
"DC","10-05",2001-10-05,134.18,86.2900957907624,291.8,2010-10-05,NA,348.5,2003-09-28,NA,10,"Daily record reached in 2010","8502799","NAIN",1999,2026
"DC","10-06",2001-10-06,135.22,86.6830742903195,293.4,2010-10-06,NA,348.5,2003-09-28,NA,10,"Daily record reached in 2010","8502799","NAIN",1999,2026
"DC","10-07",2001-10-07,121.661111111111,85.9733894458655,295.3,2013-10-07,NA,348.5,2003-09-28,NA,10,"Daily record reached in 2013","8502799","NAIN",1999,2026
"DC","10-08",2001-10-08,121.722222222222,86.6752122483738,297.8,2013-10-08,NA,348.5,2003-09-28,NA,10,"Daily record reached in 2013","8502799","NAIN",1999,2026
"DC","10-09",2001-10-09,119.461111111111,87.2005473464263,299.7,2013-10-09,NA,348.5,2003-09-28,NA,10,"Daily record reached in 2013","8502799","NAIN",1999,2026
"DC","10-10",2001-10-10,114.288888888889,84.424974621668,301.1,2013-10-10,NA,348.5,2003-09-28,NA,10,"Daily record reached in 2013","8502799","NAIN",1999,2026
"DC","10-11",2001-10-11,115.255555555556,84.7689747783192,302.2,2013-10-11,NA,348.5,2003-09-28,NA,10,"Daily record reached in 2013","8502799","NAIN",1999,2026
"DC","10-12",2001-10-12,110.677777777778,89.0044384587616,303.6,2013-10-12,NA,348.5,2003-09-28,NA,10,"Daily record reached in 2013","8502799","NAIN",1999,2026
"DC","10-13",2001-10-13,111.794444444444,89.6097320884697,305.7,2013-10-13,NA,348.5,2003-09-28,NA,10,"Daily record reached in 2013","8502799","NAIN",1999,2026
"DC","10-14",2001-10-14,105.372222222222,85.3737031117108,308.1,2013-10-14,NA,348.5,2003-09-28,NA,10,"Daily record reached in 2013","8502799","NAIN",1999,2026
"DC","10-15",2001-10-15,105.438888888889,85.2105636843149,310,2013-10-15,NA,348.5,2003-09-28,NA,10,"Daily record reached in 2013","8502799","NAIN",1999,2026
"DC","10-16",2001-10-16,99.3388888888889,89.0278749400426,311.9,2013-10-16,NA,348.5,2003-09-28,NA,10,"Daily record reached in 2013","8502799","NAIN",1999,2026
"DC","10-17",2001-10-17,95.9277777777778,87.9857060955027,305.5,2013-10-17,NA,348.5,2003-09-28,NA,10,"Daily record reached in 2013","8502799","NAIN",1999,2026
"DC","10-18",2001-10-18,79.6705882352941,76.9406570408802,292.5,2013-10-18,NA,348.5,2003-09-28,NA,10,"Daily record reached in 2013","8502799","NAIN",1999,2026
"DC","10-19",2001-10-19,76.1176470588235,76.7149939328528,281.8,2013-10-19,NA,348.5,2003-09-28,NA,10,"Daily record reached in 2013","8502799","NAIN",1999,2026
"DC","10-20",2001-10-20,73.1125,77.8907086885207,278.4,2013-10-20,NA,348.5,2003-09-28,NA,10,"Daily record reached in 2013","8502799","NAIN",1999,2026
"DC","10-21",2001-10-21,70.86875,77.4782267801735,280,2013-10-21,NA,348.5,2003-09-28,NA,10,"Daily record reached in 2013","8502799","NAIN",1999,2026
"DC","10-22",2001-10-22,67.56,78.9575998332559,281.5,2013-10-22,NA,348.5,2003-09-28,NA,10,"Daily record reached in 2013","8502799","NAIN",1999,2026
"DC","10-23",2001-10-23,63.9428571428571,78.0403516362944,271.5,2013-10-23,NA,348.5,2003-09-28,NA,10,"Daily record reached in 2013","8502799","NAIN",1999,2026
"DC","10-24",2001-10-24,63.4214285714286,75.477242403781,268.7,2013-10-24,NA,348.5,2003-09-28,NA,10,"Daily record reached in 2013","8502799","NAIN",1999,2026
"DC","10-25",2001-10-25,68.1461538461538,77.2929127344439,269.9,2013-10-25,NA,348.5,2003-09-28,NA,10,"Daily record reached in 2013","8502799","NAIN",1999,2026
"DC","10-26",2001-10-26,65.1692307692308,78.6184497495699,270.7,2013-10-26,NA,348.5,2003-09-28,NA,10,"Daily record reached in 2013","8502799","NAIN",1999,2026
"DC","10-27",2001-10-27,66.2307692307692,78.4281027928912,271.5,2013-10-27,NA,348.5,2003-09-28,NA,10,"Daily record reached in 2013","8502799","NAIN",1999,2026
"DC","10-28",2001-10-28,63.4076923076923,76.1701326148517,272.4,2013-10-28,NA,348.5,2003-09-28,NA,10,"Daily record reached in 2013","8502799","NAIN",1999,2026
"DC","10-29",2001-10-29,58.6909090909091,82.8683468466151,272.7,2013-10-29,NA,348.5,2003-09-28,NA,10,"Daily record reached in 2013","8502799","NAIN",1999,2026
"DC","10-30",2001-10-30,52.6909090909091,84.2980362113549,272.9,2013-10-30,NA,348.5,2003-09-28,NA,10,"Daily record reached in 2013","8502799","NAIN",1999,2026
"DC","10-31",2001-10-31,57.69,87.3990649581308,273.1,2013-10-31,NA,348.5,2003-09-28,NA,10,"Daily record reached in 2013","8502799","NAIN",1999,2026
"DMC","04-01",2001-04-01,NA,NA,NA,NA,NA,67.7,2000-08-01,NA,4,"Daily record reached in NA","8502799","NAIN",1999,2026
"DMC","04-02",2001-04-02,NA,NA,NA,NA,NA,67.7,2000-08-01,NA,4,"Daily record reached in NA","8502799","NAIN",1999,2026
"DMC","04-03",2001-04-03,NA,NA,NA,NA,NA,67.7,2000-08-01,NA,4,"Daily record reached in NA","8502799","NAIN",1999,2026
"DMC","04-04",2001-04-04,NA,NA,NA,NA,NA,67.7,2000-08-01,NA,4,"Daily record reached in NA","8502799","NAIN",1999,2026
"DMC","04-05",2001-04-05,NA,NA,NA,NA,NA,67.7,2000-08-01,NA,4,"Daily record reached in NA","8502799","NAIN",1999,2026
"DMC","04-06",2001-04-06,NA,NA,NA,NA,NA,67.7,2000-08-01,NA,4,"Daily record reached in NA","8502799","NAIN",1999,2026
"DMC","04-07",2001-04-07,NA,NA,NA,NA,NA,67.7,2000-08-01,NA,4,"Daily record reached in NA","8502799","NAIN",1999,2026
"DMC","04-08",2001-04-08,NA,NA,NA,NA,NA,67.7,2000-08-01,NA,4,"Daily record reached in NA","8502799","NAIN",1999,2026
"DMC","04-09",2001-04-09,NA,NA,NA,NA,NA,67.7,2000-08-01,NA,4,"Daily record reached in NA","8502799","NAIN",1999,2026
"DMC","04-10",2001-04-10,NA,NA,NA,NA,NA,67.7,2000-08-01,NA,4,"Daily record reached in NA","8502799","NAIN",1999,2026
"DMC","04-11",2001-04-11,NA,NA,NA,NA,NA,67.7,2000-08-01,NA,4,"Daily record reached in NA","8502799","NAIN",1999,2026
"DMC","04-12",2001-04-12,NA,NA,NA,NA,NA,67.7,2000-08-01,NA,4,"Daily record reached in NA","8502799","NAIN",1999,2026
"DMC","04-13",2001-04-13,NA,NA,NA,NA,NA,67.7,2000-08-01,NA,4,"Daily record reached in NA","8502799","NAIN",1999,2026
"DMC","04-14",2001-04-14,NA,NA,NA,NA,NA,67.7,2000-08-01,NA,4,"Daily record reached in NA","8502799","NAIN",1999,2026
"DMC","04-15",2001-04-15,NA,NA,NA,NA,NA,67.7,2000-08-01,NA,4,"Daily record reached in NA","8502799","NAIN",1999,2026
"DMC","04-16",2001-04-16,NA,NA,NA,NA,NA,67.7,2000-08-01,NA,4,"Daily record reached in NA","8502799","NAIN",1999,2026
"DMC","04-17",2001-04-17,NA,NA,NA,NA,NA,67.7,2000-08-01,NA,4,"Daily record reached in NA","8502799","NAIN",1999,2026
"DMC","04-18",2001-04-18,NA,NA,NA,NA,NA,67.7,2000-08-01,NA,4,"Daily record reached in NA","8502799","NAIN",1999,2026
"DMC","04-19",2001-04-19,NA,NA,NA,NA,NA,67.7,2000-08-01,NA,4,"Daily record reached in NA","8502799","NAIN",1999,2026
"DMC","04-20",2001-04-20,NA,NA,NA,NA,NA,67.7,2000-08-01,NA,4,"Daily record reached in NA","8502799","NAIN",1999,2026
"DMC","04-21",2001-04-21,NA,NA,NA,NA,NA,67.7,2000-08-01,NA,4,"Daily record reached in NA","8502799","NAIN",1999,2026
"DMC","04-22",2001-04-22,NA,NA,NA,NA,NA,67.7,2000-08-01,NA,4,"Daily record reached in NA","8502799","NAIN",1999,2026
"DMC","04-23",2001-04-23,NA,NA,NA,NA,NA,67.7,2000-08-01,NA,4,"Daily record reached in NA","8502799","NAIN",1999,2026
"DMC","04-24",2001-04-24,NA,NA,NA,NA,NA,67.7,2000-08-01,NA,4,"Daily record reached in NA","8502799","NAIN",1999,2026
"DMC","04-25",2001-04-25,NA,NA,NA,NA,NA,67.7,2000-08-01,NA,4,"Daily record reached in NA","8502799","NAIN",1999,2026
"DMC","04-26",2001-04-26,NA,NA,NA,NA,NA,67.7,2000-08-01,NA,4,"Daily record reached in NA","8502799","NAIN",1999,2026
"DMC","04-27",2001-04-27,NA,NA,NA,NA,NA,67.7,2000-08-01,NA,4,"Daily record reached in NA","8502799","NAIN",1999,2026
"DMC","04-28",2001-04-28,NA,NA,NA,NA,NA,67.7,2000-08-01,NA,4,"Daily record reached in NA","8502799","NAIN",1999,2026
"DMC","04-29",2001-04-29,NA,NA,NA,NA,NA,67.7,2000-08-01,NA,4,"Daily record reached in NA","8502799","NAIN",1999,2026
"DMC","04-30",2001-04-30,NA,NA,NA,NA,NA,67.7,2000-08-01,NA,4,"Daily record reached in NA","8502799","NAIN",1999,2026
"DMC","05-01",2001-05-01,NA,NA,NA,NA,NA,67.7,2000-08-01,NA,5,"Daily record reached in NA","8502799","NAIN",1999,2026
"DMC","05-02",2001-05-02,NA,NA,NA,NA,NA,67.7,2000-08-01,NA,5,"Daily record reached in NA","8502799","NAIN",1999,2026
"DMC","05-03",2001-05-03,NA,NA,NA,NA,NA,67.7,2000-08-01,NA,5,"Daily record reached in NA","8502799","NAIN",1999,2026
"DMC","05-04",2001-05-04,NA,NA,NA,NA,NA,67.7,2000-08-01,NA,5,"Daily record reached in NA","8502799","NAIN",1999,2026
"DMC","05-05",2001-05-05,NA,NA,NA,NA,NA,67.7,2000-08-01,NA,5,"Daily record reached in NA","8502799","NAIN",1999,2026
"DMC","05-06",2001-05-06,NA,NA,NA,NA,NA,67.7,2000-08-01,NA,5,"Daily record reached in NA","8502799","NAIN",1999,2026
"DMC","05-07",2001-05-07,NA,NA,NA,NA,NA,67.7,2000-08-01,NA,5,"Daily record reached in NA","8502799","NAIN",1999,2026
"DMC","05-08",2001-05-08,NA,NA,NA,NA,NA,67.7,2000-08-01,NA,5,"Daily record reached in NA","8502799","NAIN",1999,2026
"DMC","05-09",2001-05-09,NA,NA,NA,NA,NA,67.7,2000-08-01,NA,5,"Daily record reached in NA","8502799","NAIN",1999,2026
"DMC","05-10",2001-05-10,6,NA,6,2005-05-10,NA,67.7,2000-08-01,NA,5,"Daily record reached in 2005","8502799","NAIN",1999,2026
"DMC","05-11",2001-05-11,6.7,0.989949493661167,7.4,2005-05-11,NA,67.7,2000-08-01,NA,5,"Daily record reached in 2005","8502799","NAIN",1999,2026
"DMC","05-12",2001-05-12,5.65,3.7476659402887,8.3,2006-05-12,NA,67.7,2000-08-01,NA,5,"Daily record reached in 2006","8502799","NAIN",1999,2026
"DMC","05-13",2001-05-13,6.55,7.70746391493337,12,2006-05-13,NA,67.7,2000-08-01,NA,5,"Daily record reached in 2006","8502799","NAIN",1999,2026
"DMC","05-14",2001-05-14,6.25,8.69741340859454,12.4,2006-05-14,NA,67.7,2000-08-01,NA,5,"Daily record reached in 2006","8502799","NAIN",1999,2026
"DMC","05-15",2001-05-15,6.25,8.83883476483184,12.5,2006-05-15,NA,67.7,2000-08-01,NA,5,"Daily record reached in 2006","8502799","NAIN",1999,2026
"DMC","05-16",2001-05-16,6.75,9.26309883354377,13.3,2006-05-16,NA,67.7,2000-08-01,NA,5,"Daily record reached in 2006","8502799","NAIN",1999,2026
"DMC","05-17",2001-05-17,6.9,9.33380951166243,13.5,2006-05-17,NA,67.7,2000-08-01,NA,5,"Daily record reached in 2006","8502799","NAIN",1999,2026
"DMC","05-18",2001-05-18,7.15,9.26309883354377,13.7,2006-05-18,NA,67.7,2000-08-01,NA,5,"Daily record reached in 2006","8502799","NAIN",1999,2026
"DMC","05-19",2001-05-19,14.1,NA,14.1,2006-05-19,NA,67.7,2000-08-01,NA,5,"Daily record reached in 2006","8502799","NAIN",1999,2026
"DMC","05-20",2001-05-20,14.3,NA,14.3,2006-05-20,NA,67.7,2000-08-01,NA,5,"Daily record reached in 2006","8502799","NAIN",1999,2026
"DMC","05-21",2001-05-21,14.3,NA,14.3,2006-05-21,NA,67.7,2000-08-01,NA,5,"Daily record reached in 2006","8502799","NAIN",1999,2026
"DMC","05-22",2001-05-22,8.1,1.38924439894498,9.7,2006-05-22,NA,67.7,2000-08-01,NA,5,"Daily record reached in 2006","8502799","NAIN",1999,2026
"DMC","05-23",2001-05-23,7.66666666666667,2.80416357107308,10.1,2006-05-23,NA,67.7,2000-08-01,NA,5,"Daily record reached in 2006","8502799","NAIN",1999,2026
"DMC","05-24",2001-05-24,9.03333333333333,1.76162803489651,10.9,2006-05-24,NA,67.7,2000-08-01,NA,5,"Daily record reached in 2006","8502799","NAIN",1999,2026
"DMC","05-25",2001-05-25,9.6,1.87349939951952,11.7,2006-05-25,NA,67.7,2000-08-01,NA,5,"Daily record reached in 2006","8502799","NAIN",1999,2026
"DMC","05-26",2001-05-26,8.93333333333333,0.802080627701064,9.7,2016-05-26,NA,67.7,2000-08-01,NA,5,"Daily record reached in 2016","8502799","NAIN",1999,2026
"DMC","05-27",2001-05-27,9.63333333333333,0.416333199893226,10.1,2016-05-27,NA,67.7,2000-08-01,NA,5,"Daily record reached in 2016","8502799","NAIN",1999,2026
"DMC","05-28",2001-05-28,10.3666666666667,0.838649708360608,10.9,2016-05-28,NA,67.7,2000-08-01,NA,5,"Daily record reached in 2016","8502799","NAIN",1999,2026
"DMC","05-29",2001-05-29,11.0333333333333,0.814452781524708,11.6,2016-05-29,NA,67.7,2000-08-01,NA,5,"Daily record reached in 2016","8502799","NAIN",1999,2026
"DMC","05-30",2001-05-30,12.2,1.83303027798234,14.2,2006-05-30,NA,67.7,2000-08-01,NA,5,"Daily record reached in 2006","8502799","NAIN",1999,2026
"DMC","05-31",2001-05-31,13.8,1.63707055437449,15.2,2006-05-31,NA,67.7,2000-08-01,NA,5,"Daily record reached in 2006","8502799","NAIN",1999,2026
"DMC","06-01",2001-06-01,15.2,2.17025344142107,16.6,2006-06-01,NA,67.7,2000-08-01,NA,6,"Daily record reached in 2006","8502799","NAIN",1999,2026
"DMC","06-02",2001-06-02,17.3,2.8,19.3,2005-06-02,NA,67.7,2000-08-01,NA,6,"Daily record reached in 2005","8502799","NAIN",1999,2026
"DMC","06-03",2001-06-03,15.9,5.79712572458685,21,2005-06-03,NA,67.7,2000-08-01,NA,6,"Daily record reached in 2005","8502799","NAIN",1999,2026
"DMC","06-04",2001-06-04,16.5,5.55877684387492,21.3,2005-06-04,NA,67.7,2000-08-01,NA,6,"Daily record reached in 2005","8502799","NAIN",1999,2026
"DMC","06-05",2001-06-05,14.12,6.50668886608235,23.1,2005-06-05,7.6,67.7,2000-08-01,NA,6,"Daily record reached in 2005","8502799","NAIN",1999,2026
"DMC","06-06",2001-06-06,15.56,6.84455988358638,25.7,2005-06-06,11.1,67.7,2000-08-01,NA,6,"Daily record reached in 2005","8502799","NAIN",1999,2026
"DMC","06-07",2001-06-07,15.48,7.91466992362916,26.2,2005-06-07,11.9,67.7,2000-08-01,NA,6,"Daily record reached in 2005","8502799","NAIN",1999,2026
"DMC","06-08",2001-06-08,13.1666666666667,9.94840020639835,25.7,2005-06-08,14.2,67.7,2000-08-01,NA,6,"Daily record reached in 2005","8502799","NAIN",1999,2026
"DMC","06-09",2001-06-09,14.15,11.8092760150654,29.9,2006-06-09,15,67.7,2000-08-01,NA,6,"Daily record reached in 2006","8502799","NAIN",1999,2026
"DMC","06-10",2001-06-10,16,11.8921542763846,31,2006-06-10,15.7,67.7,2000-08-01,NA,6,"Daily record reached in 2006","8502799","NAIN",1999,2026
"DMC","06-11",2001-06-11,16.3142857142857,12.0223997287603,31.5,2006-06-11,17,67.7,2000-08-01,NA,6,"Daily record reached in 2006","8502799","NAIN",1999,2026
"DMC","06-12",2001-06-12,16.1666666666667,11.816203564033,31.8,2006-06-12,17.9,67.7,2000-08-01,NA,6,"Daily record reached in 2006","8502799","NAIN",1999,2026
"DMC","06-13",2001-06-13,15.2857142857143,11.9673762888152,34,2006-06-13,18.2,67.7,2000-08-01,NA,6,"Daily record reached in 2006","8502799","NAIN",1999,2026
"DMC","06-14",2001-06-14,14.8125,12.4000504031234,37.7,2006-06-14,18.7,67.7,2000-08-01,NA,6,"Daily record reached in 2006","8502799","NAIN",1999,2026
"DMC","06-15",2001-06-15,14.325,10.0270705022525,31.5,2005-06-15,NA,67.7,2000-08-01,NA,6,"Daily record reached in 2005","8502799","NAIN",1999,2026
"DMC","06-16",2001-06-16,14.2888888888889,11.0948686838156,32.5,2006-06-16,NA,67.7,2000-08-01,NA,6,"Daily record reached in 2006","8502799","NAIN",1999,2026
"DMC","06-17",2001-06-17,12.88,9.07950072048752,32.2,2005-06-17,NA,67.7,2000-08-01,NA,6,"Daily record reached in 2005","8502799","NAIN",1999,2026
"DMC","06-18",2001-06-18,12.0090909090909,9.10708016275848,34.9,2005-06-18,NA,67.7,2000-08-01,NA,6,"Daily record reached in 2005","8502799","NAIN",1999,2026
"DMC","06-19",2001-06-19,12.7363636363636,10.7871472343037,39.8,2005-06-19,NA,67.7,2000-08-01,NA,6,"Daily record reached in 2005","8502799","NAIN",1999,2026
"DMC","06-20",2001-06-20,12.3181818181818,9.1960663527204,29.9,2012-06-20,NA,67.7,2000-08-01,NA,6,"Daily record reached in 2012","8502799","NAIN",1999,2026
"DMC","06-21",2001-06-21,11.9307692307692,8.91182590862507,30.3,2012-06-21,NA,67.7,2000-08-01,NA,6,"Daily record reached in 2012","8502799","NAIN",1999,2026
"DMC","06-22",2001-06-22,10.0538461538462,6.95061332840676,30.5,2012-06-22,NA,67.7,2000-08-01,NA,6,"Daily record reached in 2012","8502799","NAIN",1999,2026
"DMC","06-23",2001-06-23,10.1071428571429,7.45885785087505,31.3,2012-06-23,NA,67.7,2000-08-01,NA,6,"Daily record reached in 2012","8502799","NAIN",1999,2026
"DMC","06-24",2001-06-24,9.99230769230769,8.26644437252816,31.8,2012-06-24,NA,67.7,2000-08-01,NA,6,"Daily record reached in 2012","8502799","NAIN",1999,2026
"DMC","06-25",2001-06-25,8.98571428571428,8.9794515116765,32.3,2012-06-25,NA,67.7,2000-08-01,NA,6,"Daily record reached in 2012","8502799","NAIN",1999,2026
"DMC","06-26",2001-06-26,9.45333333333333,9.15921601968411,33.5,2012-06-26,NA,67.7,2000-08-01,NA,6,"Daily record reached in 2012","8502799","NAIN",1999,2026
"DMC","06-27",2001-06-27,9.61333333333333,9.69306575906322,34.3,2012-06-27,NA,67.7,2000-08-01,NA,6,"Daily record reached in 2012","8502799","NAIN",1999,2026
"DMC","06-28",2001-06-28,8.44666666666667,7.66791708229506,24.1,2006-06-28,NA,67.7,2000-08-01,NA,6,"Daily record reached in 2006","8502799","NAIN",1999,2026
"DMC","06-29",2001-06-29,8.38125,6.59153181488694,24.8,2013-06-29,NA,67.7,2000-08-01,NA,6,"Daily record reached in 2013","8502799","NAIN",1999,2026
"DMC","06-30",2001-06-30,8.85,6.33929543929502,25.7,2013-06-30,NA,67.7,2000-08-01,NA,6,"Daily record reached in 2013","8502799","NAIN",1999,2026
"DMC","07-01",2001-07-01,7.91176470588235,6.06803946437204,25.8,2013-07-01,NA,67.7,2000-08-01,NA,7,"Daily record reached in 2013","8502799","NAIN",1999,2026
"DMC","07-02",2001-07-02,6.80588235294118,5.37976191251008,18.8,2013-07-02,NA,67.7,2000-08-01,NA,7,"Daily record reached in 2013","8502799","NAIN",1999,2026
"DMC","07-03",2001-07-03,6.23529411764706,5.32282128862018,22.2,2013-07-03,NA,67.7,2000-08-01,NA,7,"Daily record reached in 2013","8502799","NAIN",1999,2026
"DMC","07-04",2001-07-04,5.93529411764706,4.41034879239593,17,2013-07-04,NA,67.7,2000-08-01,NA,7,"Daily record reached in 2013","8502799","NAIN",1999,2026
"DMC","07-05",2001-07-05,5.79444444444445,3.63082752230563,13.1,2002-07-05,NA,67.7,2000-08-01,NA,7,"Daily record reached in 2002","8502799","NAIN",1999,2026
"DMC","07-06",2001-07-06,5.34444444444444,4.06031326264978,14.5,2002-07-06,NA,67.7,2000-08-01,NA,7,"Daily record reached in 2002","8502799","NAIN",1999,2026
"DMC","07-07",2001-07-07,4.78333333333333,3.71186491894177,13.9,2002-07-07,NA,67.7,2000-08-01,NA,7,"Daily record reached in 2002","8502799","NAIN",1999,2026
"DMC","07-08",2001-07-08,5.17894736842105,3.19071203258047,15.7,2025-07-08,NA,67.7,2000-08-01,NA,7,"Daily record reached in 2025","8502799","NAIN",1999,2026
"DMC","07-09",2001-07-09,5.875,3.4665127327497,18.7,2025-07-09,NA,67.7,2000-08-01,NA,7,"Daily record reached in 2025","8502799","NAIN",1999,2026
"DMC","07-10",2001-07-10,5.705,3.88634248294419,23.4,2025-07-10,NA,67.7,2000-08-01,NA,7,"Daily record reached in 2025","8502799","NAIN",1999,2026
"DMC","07-11",2001-07-11,5.6,3.93887507317829,29.7,2025-07-11,NA,67.7,2000-08-01,NA,7,"Daily record reached in 2025","8502799","NAIN",1999,2026
"DMC","07-12",2001-07-12,5.56315789473684,4.28553257760155,34.4,2025-07-12,NA,67.7,2000-08-01,NA,7,"Daily record reached in 2025","8502799","NAIN",1999,2026
"DMC","07-13",2001-07-13,6.43,5.23471207673505,35.3,2025-07-13,NA,67.7,2000-08-01,NA,7,"Daily record reached in 2025","8502799","NAIN",1999,2026
"DMC","07-14",2001-07-14,7.28,5.68928818043171,24.2,2025-07-14,NA,67.7,2000-08-01,NA,7,"Daily record reached in 2025","8502799","NAIN",1999,2026
"DMC","07-15",2001-07-15,8.155,6.29222368859916,27.1,2025-07-15,NA,67.7,2000-08-01,NA,7,"Daily record reached in 2025","8502799","NAIN",1999,2026
"DMC","07-16",2001-07-16,9.395,7.58068702621825,24.7,2006-07-16,NA,67.7,2000-08-01,NA,7,"Daily record reached in 2006","8502799","NAIN",1999,2026
"DMC","07-17",2001-07-17,10.125,8.30198929870362,24.7,2018-07-17,NA,67.7,2000-08-01,NA,7,"Daily record reached in 2018","8502799","NAIN",1999,2026
"DMC","07-18",2001-07-18,9.86,8.40240567055838,25.3,2000-07-18,NA,67.7,2000-08-01,NA,7,"Daily record reached in 2000","8502799","NAIN",1999,2026
"DMC","07-19",2001-07-19,9.455,8.69794137773567,26.9,2000-07-19,NA,67.7,2000-08-01,NA,7,"Daily record reached in 2000","8502799","NAIN",1999,2026
"DMC","07-20",2001-07-20,9.09,7.54006142652628,24.2,2017-07-20,NA,67.7,2000-08-01,NA,7,"Daily record reached in 2017","8502799","NAIN",1999,2026
"DMC","07-21",2001-07-21,8.775,7.937908713058,24.3,2017-07-21,NA,67.7,2000-08-01,NA,7,"Daily record reached in 2017","8502799","NAIN",1999,2026
"DMC","07-22",2001-07-22,8.4,7.28690245360956,25.3,2000-07-22,NA,67.7,2000-08-01,NA,7,"Daily record reached in 2000","8502799","NAIN",1999,2026
"DMC","07-23",2001-07-23,8.065,6.73187820823627,27.1,2000-07-23,NA,67.7,2000-08-01,NA,7,"Daily record reached in 2000","8502799","NAIN",1999,2026
"DMC","07-24",2001-07-24,9.125,7.6472819388742,31.4,2000-07-24,NA,67.7,2000-08-01,NA,7,"Daily record reached in 2000","8502799","NAIN",1999,2026
"DMC","07-25",2001-07-25,9.4,7.94891584795655,35.7,2000-07-25,NA,67.7,2000-08-01,NA,7,"Daily record reached in 2000","8502799","NAIN",1999,2026
"DMC","07-26",2001-07-26,9.57,9.30235397486487,39.6,2000-07-26,NA,67.7,2000-08-01,NA,7,"Daily record reached in 2000","8502799","NAIN",1999,2026
"DMC","07-27",2001-07-27,10.255,10.0454480395744,43.7,2000-07-27,NA,67.7,2000-08-01,NA,7,"Daily record reached in 2000","8502799","NAIN",1999,2026
"DMC","07-28",2001-07-28,10.035,10.4903100651581,45.5,2000-07-28,NA,67.7,2000-08-01,NA,7,"Daily record reached in 2000","8502799","NAIN",1999,2026
"DMC","07-29",2001-07-29,9.625,11.2072755973871,49.2,2000-07-29,NA,67.7,2000-08-01,NA,7,"Daily record reached in 2000","8502799","NAIN",1999,2026
"DMC","07-30",2001-07-30,9.94,12.4469146462297,55,2000-07-30,NA,67.7,2000-08-01,NA,7,"Daily record reached in 2000","8502799","NAIN",1999,2026
"DMC","07-31",2001-07-31,10.815,13.8308303590584,61.4,2000-07-31,NA,67.7,2000-08-01,NA,7,"Daily record reached in 2000","8502799","NAIN",1999,2026
"DMC","08-01",2001-08-01,10.86,15.3857213367665,67.7,2000-08-01,NA,67.7,2000-08-01,NA,8,"Daily record reached in 2000","8502799","NAIN",1999,2026
"DMC","08-02",2001-08-02,10.52,14.0047585897756,59.5,2000-08-02,NA,67.7,2000-08-01,NA,8,"Daily record reached in 2000","8502799","NAIN",1999,2026
"DMC","08-03",2001-08-03,9.63684210526315,13.8722428902834,60.3,2000-08-03,NA,67.7,2000-08-01,NA,8,"Daily record reached in 2000","8502799","NAIN",1999,2026
"DMC","08-04",2001-08-04,8.75,9.84605184031169,40.8,2000-08-04,NA,67.7,2000-08-01,NA,8,"Daily record reached in 2000","8502799","NAIN",1999,2026
"DMC","08-05",2001-08-05,9.065,10.1272054128315,40.4,2000-08-05,NA,67.7,2000-08-01,NA,8,"Daily record reached in 2000","8502799","NAIN",1999,2026
"DMC","08-06",2001-08-06,8.33,10.2241767137352,41.3,2000-08-06,NA,67.7,2000-08-01,NA,8,"Daily record reached in 2000","8502799","NAIN",1999,2026
"DMC","08-07",2001-08-07,7.285,9.03579286125899,32.7,2000-08-07,NA,67.7,2000-08-01,NA,8,"Daily record reached in 2000","8502799","NAIN",1999,2026
"DMC","08-08",2001-08-08,7.41052631578947,9.32564532988004,33.4,2000-08-08,NA,67.7,2000-08-01,NA,8,"Daily record reached in 2000","8502799","NAIN",1999,2026
"DMC","08-09",2001-08-09,7.46,9.8513370719544,35.6,2000-08-09,NA,67.7,2000-08-01,NA,8,"Daily record reached in 2000","8502799","NAIN",1999,2026
"DMC","08-10",2001-08-10,7.855,10.4712375481351,38.8,2000-08-10,NA,67.7,2000-08-01,NA,8,"Daily record reached in 2000","8502799","NAIN",1999,2026
"DMC","08-11",2001-08-11,8.055,10.4472345875028,38.9,2000-08-11,NA,67.7,2000-08-01,NA,8,"Daily record reached in 2000","8502799","NAIN",1999,2026
"DMC","08-12",2001-08-12,7.94,10.4399737850044,39.5,2000-08-12,NA,67.7,2000-08-01,NA,8,"Daily record reached in 2000","8502799","NAIN",1999,2026
"DMC","08-13",2001-08-13,7.99,10.520501288837,39.9,2000-08-13,NA,67.7,2000-08-01,NA,8,"Daily record reached in 2000","8502799","NAIN",1999,2026
"DMC","08-14",2001-08-14,8.765,11.0323102032644,41.9,2000-08-14,NA,67.7,2000-08-01,NA,8,"Daily record reached in 2000","8502799","NAIN",1999,2026
"DMC","08-15",2001-08-15,9.92631578947368,12.0712165503667,44.9,2000-08-15,NA,67.7,2000-08-01,NA,8,"Daily record reached in 2000","8502799","NAIN",1999,2026
"DMC","08-16",2001-08-16,10.09,11.810918231606,47.8,2000-08-16,NA,67.7,2000-08-01,NA,8,"Daily record reached in 2000","8502799","NAIN",1999,2026
"DMC","08-17",2001-08-17,10.575,11.1453967368171,47.9,2000-08-17,NA,67.7,2000-08-01,NA,8,"Daily record reached in 2000","8502799","NAIN",1999,2026
"DMC","08-18",2001-08-18,10.665,11.3098129259972,48.2,2000-08-18,NA,67.7,2000-08-01,NA,8,"Daily record reached in 2000","8502799","NAIN",1999,2026
"DMC","08-19",2001-08-19,10.52,12.1960131535722,50.3,2000-08-19,NA,67.7,2000-08-01,NA,8,"Daily record reached in 2000","8502799","NAIN",1999,2026
"DMC","08-20",2001-08-20,10.44,12.3873194925507,52.2,2000-08-20,NA,67.7,2000-08-01,NA,8,"Daily record reached in 2000","8502799","NAIN",1999,2026
"DMC","08-21",2001-08-21,10.5157894736842,13.3026423088671,53.5,2000-08-21,NA,67.7,2000-08-01,NA,8,"Daily record reached in 2000","8502799","NAIN",1999,2026
"DMC","08-22",2001-08-22,9.295,12.541362093405,54,2000-08-22,NA,67.7,2000-08-01,NA,8,"Daily record reached in 2000","8502799","NAIN",1999,2026
"DMC","08-23",2001-08-23,9.02,12.4218229020755,54.6,2000-08-23,NA,67.7,2000-08-01,NA,8,"Daily record reached in 2000","8502799","NAIN",1999,2026
"DMC","08-24",2001-08-24,9.46,12.6586521274664,55.6,2000-08-24,NA,67.7,2000-08-01,NA,8,"Daily record reached in 2000","8502799","NAIN",1999,2026
"DMC","08-25",2001-08-25,9.27894736842105,9.08641103500585,33,2000-08-25,NA,67.7,2000-08-01,NA,8,"Daily record reached in 2000","8502799","NAIN",1999,2026
"DMC","08-26",2001-08-26,7.65,6.73939713062011,23.9,2000-08-26,NA,67.7,2000-08-01,NA,8,"Daily record reached in 2000","8502799","NAIN",1999,2026
"DMC","08-27",2001-08-27,6.835,5.9370624492518,25.3,2000-08-27,NA,67.7,2000-08-01,NA,8,"Daily record reached in 2000","8502799","NAIN",1999,2026
"DMC","08-28",2001-08-28,7.38,6.00540107780181,25.5,2000-08-28,NA,67.7,2000-08-01,NA,8,"Daily record reached in 2000","8502799","NAIN",1999,2026
"DMC","08-29",2001-08-29,8.18421052631579,6.43128319301614,27.4,2000-08-29,NA,67.7,2000-08-01,NA,8,"Daily record reached in 2000","8502799","NAIN",1999,2026
"DMC","08-30",2001-08-30,7.96,6.92443423491654,28.8,2000-08-30,NA,67.7,2000-08-01,NA,8,"Daily record reached in 2000","8502799","NAIN",1999,2026
"DMC","08-31",2001-08-31,7.665,5.80755179871319,19.9,2000-08-31,NA,67.7,2000-08-01,NA,8,"Daily record reached in 2000","8502799","NAIN",1999,2026
"DMC","09-01",2001-09-01,7.72,5.57575579016683,18.9,2005-09-01,NA,67.7,2000-08-01,NA,9,"Daily record reached in 2005","8502799","NAIN",1999,2026
"DMC","09-02",2001-09-02,7.91,4.77492353204134,16.8,2014-09-02,NA,67.7,2000-08-01,NA,9,"Daily record reached in 2014","8502799","NAIN",1999,2026
"DMC","09-03",2001-09-03,8.505,5.2174277792394,17.9,2014-09-03,NA,67.7,2000-08-01,NA,9,"Daily record reached in 2014","8502799","NAIN",1999,2026
"DMC","09-04",2001-09-04,8.205,5.60492969109384,19.8,2014-09-04,NA,67.7,2000-08-01,NA,9,"Daily record reached in 2014","8502799","NAIN",1999,2026
"DMC","09-05",2001-09-05,7.955,5.77211764478715,20.3,2014-09-05,NA,67.7,2000-08-01,NA,9,"Daily record reached in 2014","8502799","NAIN",1999,2026
"DMC","09-06",2001-09-06,7.4,5.63980216151707,19.3,2000-09-06,NA,67.7,2000-08-01,NA,9,"Daily record reached in 2000","8502799","NAIN",1999,2026
"DMC","09-07",2001-09-07,7.67,5.90691833450627,19.9,2000-09-07,NA,67.7,2000-08-01,NA,9,"Daily record reached in 2000","8502799","NAIN",1999,2026
"DMC","09-08",2001-09-08,7.175,5.47298388738528,19.2,2016-09-08,NA,67.7,2000-08-01,NA,9,"Daily record reached in 2016","8502799","NAIN",1999,2026
"DMC","09-09",2001-09-09,7.39,5.02613171335571,19.9,2016-09-09,NA,67.7,2000-08-01,NA,9,"Daily record reached in 2016","8502799","NAIN",1999,2026
"DMC","09-10",2001-09-10,7.42631578947368,5.37699235480447,20.3,2016-09-10,NA,67.7,2000-08-01,NA,9,"Daily record reached in 2016","8502799","NAIN",1999,2026
"DMC","09-11",2001-09-11,7.91052631578947,5.60851482983608,20.4,2016-09-11,NA,67.7,2000-08-01,NA,9,"Daily record reached in 2016","8502799","NAIN",1999,2026
"DMC","09-12",2001-09-12,7.03,4.81937973733463,19.6,2011-09-12,NA,67.7,2000-08-01,NA,9,"Daily record reached in 2011","8502799","NAIN",1999,2026
"DMC","09-13",2001-09-13,7.23,5.33381467126187,20.7,2011-09-13,NA,67.7,2000-08-01,NA,9,"Daily record reached in 2011","8502799","NAIN",1999,2026
"DMC","09-14",2001-09-14,6.675,5.08267180049813,18.7,2006-09-14,NA,67.7,2000-08-01,NA,9,"Daily record reached in 2006","8502799","NAIN",1999,2026
"DMC","09-15",2001-09-15,6.335,5.269702378493,18.8,2006-09-15,NA,67.7,2000-08-01,NA,9,"Daily record reached in 2006","8502799","NAIN",1999,2026
"DMC","09-16",2001-09-16,5.935,5.03370481956643,19.6,2006-09-16,NA,67.7,2000-08-01,NA,9,"Daily record reached in 2006","8502799","NAIN",1999,2026
"DMC","09-17",2001-09-17,5.555,4.85369907769756,18.9,2006-09-17,NA,67.7,2000-08-01,NA,9,"Daily record reached in 2006","8502799","NAIN",1999,2026
"DMC","09-18",2001-09-18,5.83,4.9964303046749,19.5,2006-09-18,NA,67.7,2000-08-01,NA,9,"Daily record reached in 2006","8502799","NAIN",1999,2026
"DMC","09-19",2001-09-19,6.065,5.1890852048466,20.2,2006-09-19,NA,67.7,2000-08-01,NA,9,"Daily record reached in 2006","8502799","NAIN",1999,2026
"DMC","09-20",2001-09-20,6.14,5.5477259447358,20.4,2006-09-20,NA,67.7,2000-08-01,NA,9,"Daily record reached in 2006","8502799","NAIN",1999,2026
"DMC","09-21",2001-09-21,6.02,4.6047572654467,17.4,2010-09-21,NA,67.7,2000-08-01,NA,9,"Daily record reached in 2010","8502799","NAIN",1999,2026
"DMC","09-22",2001-09-22,5.555,5.03936869479752,18.5,2010-09-22,NA,67.7,2000-08-01,NA,9,"Daily record reached in 2010","8502799","NAIN",1999,2026
"DMC","09-23",2001-09-23,5.27,5.38292622435438,19.3,2010-09-23,NA,67.7,2000-08-01,NA,9,"Daily record reached in 2010","8502799","NAIN",1999,2026
"DMC","09-24",2001-09-24,5.09,5.0832956570361,17.5,2010-09-24,NA,67.7,2000-08-01,NA,9,"Daily record reached in 2010","8502799","NAIN",1999,2026
"DMC","09-25",2001-09-25,5.43,5.22807200047066,18.7,2010-09-25,NA,67.7,2000-08-01,NA,9,"Daily record reached in 2010","8502799","NAIN",1999,2026
"DMC","09-26",2001-09-26,6.06842105263158,5.60714352228763,19.7,2010-09-26,NA,67.7,2000-08-01,NA,9,"Daily record reached in 2010","8502799","NAIN",1999,2026
"DMC","09-27",2001-09-27,5.985,6.18455418977923,21.2,2010-09-27,NA,67.7,2000-08-01,NA,9,"Daily record reached in 2010","8502799","NAIN",1999,2026
"DMC","09-28",2001-09-28,6.43157894736842,6.74850210800548,22.2,2010-09-28,NA,67.7,2000-08-01,NA,9,"Daily record reached in 2010","8502799","NAIN",1999,2026
"DMC","09-29",2001-09-29,6.035,6.96013271198338,23.1,2010-09-29,NA,67.7,2000-08-01,NA,9,"Daily record reached in 2010","8502799","NAIN",1999,2026
"DMC","09-30",2001-09-30,5.29,6.80795973765075,23.5,2010-09-30,NA,67.7,2000-08-01,NA,9,"Daily record reached in 2010","8502799","NAIN",1999,2026
"DMC","10-01",2001-10-01,5.085,7.06952503429518,24.5,2010-10-01,NA,67.7,2000-08-01,NA,10,"Daily record reached in 2010","8502799","NAIN",1999,2026
"DMC","10-02",2001-10-02,5.25,7.18745251700563,24.7,2010-10-02,NA,67.7,2000-08-01,NA,10,"Daily record reached in 2010","8502799","NAIN",1999,2026
"DMC","10-03",2001-10-03,5.305,7.41112073348666,25.3,2010-10-03,NA,67.7,2000-08-01,NA,10,"Daily record reached in 2010","8502799","NAIN",1999,2026
"DMC","10-04",2001-10-04,5.405,7.63023590723118,26.3,2010-10-04,NA,67.7,2000-08-01,NA,10,"Daily record reached in 2010","8502799","NAIN",1999,2026
"DMC","10-05",2001-10-05,5.41,7.73671356857065,26.9,2010-10-05,NA,67.7,2000-08-01,NA,10,"Daily record reached in 2010","8502799","NAIN",1999,2026
"DMC","10-06",2001-10-06,5.565,7.86298958813745,27.4,2010-10-06,NA,67.7,2000-08-01,NA,10,"Daily record reached in 2010","8502799","NAIN",1999,2026
"DMC","10-07",2001-10-07,4.7,6.4408622002301,24.7,2013-10-07,NA,67.7,2000-08-01,NA,10,"Daily record reached in 2013","8502799","NAIN",1999,2026
"DMC","10-08",2001-10-08,4.83333333333333,6.53308322850614,25,2013-10-08,NA,67.7,2000-08-01,NA,10,"Daily record reached in 2013","8502799","NAIN",1999,2026
"DMC","10-09",2001-10-09,3.9,5.95156924437482,25.6,2013-10-09,NA,67.7,2000-08-01,NA,10,"Daily record reached in 2013","8502799","NAIN",1999,2026
"DMC","10-10",2001-10-10,3.71111111111111,6.12765082027064,25.9,2013-10-10,NA,67.7,2000-08-01,NA,10,"Daily record reached in 2013","8502799","NAIN",1999,2026
"DMC","10-11",2001-10-11,3.97777777777778,6.184758833622,26.1,2013-10-11,NA,67.7,2000-08-01,NA,10,"Daily record reached in 2013","8502799","NAIN",1999,2026
"DMC","10-12",2001-10-12,4.11666666666667,6.36564769589358,26.5,2013-10-12,NA,67.7,2000-08-01,NA,10,"Daily record reached in 2013","8502799","NAIN",1999,2026
"DMC","10-13",2001-10-13,4.3,6.557438524302,27.1,2013-10-13,NA,67.7,2000-08-01,NA,10,"Daily record reached in 2013","8502799","NAIN",1999,2026
"DMC","10-14",2001-10-14,3.68888888888889,6.5213575714849,27.7,2013-10-14,NA,67.7,2000-08-01,NA,10,"Daily record reached in 2013","8502799","NAIN",1999,2026
"DMC","10-15",2001-10-15,3.63333333333333,6.60169318744642,28.1,2013-10-15,NA,67.7,2000-08-01,NA,10,"Daily record reached in 2013","8502799","NAIN",1999,2026
"DMC","10-16",2001-10-16,3.25,6.53886570483615,28.5,2013-10-16,NA,67.7,2000-08-01,NA,10,"Daily record reached in 2013","8502799","NAIN",1999,2026
"DMC","10-17",2001-10-17,2.67222222222222,4.83331642999073,20.3,2013-10-17,NA,67.7,2000-08-01,NA,10,"Daily record reached in 2013","8502799","NAIN",1999,2026
"DMC","10-18",2001-10-18,2.00588235294118,3.11978977421462,12.1,2013-10-18,NA,67.7,2000-08-01,NA,10,"Daily record reached in 2013","8502799","NAIN",1999,2026
"DMC","10-19",2001-10-19,1.39411764705882,1.92823448659496,7.1,2013-10-19,NA,67.7,2000-08-01,NA,10,"Daily record reached in 2013","8502799","NAIN",1999,2026
"DMC","10-20",2001-10-20,1.0625,1.47326168754909,4.7,2013-10-20,NA,67.7,2000-08-01,NA,10,"Daily record reached in 2013","8502799","NAIN",1999,2026
"DMC","10-21",2001-10-21,0.73125,1.09283652330377,3.7,2017-10-21,NA,67.7,2000-08-01,NA,10,"Daily record reached in 2017","8502799","NAIN",1999,2026
"DMC","10-22",2001-10-22,0.826666666666667,1.13607511488751,3.9,2017-10-22,NA,67.7,2000-08-01,NA,10,"Daily record reached in 2017","8502799","NAIN",1999,2026
"DMC","10-23",2001-10-23,0.635714285714286,0.473297991767332,1.5,2011-10-23,NA,67.7,2000-08-01,NA,10,"Daily record reached in 2011","8502799","NAIN",1999,2026
"DMC","10-24",2001-10-24,0.692857142857143,0.538465463094018,1.9,2011-10-24,NA,67.7,2000-08-01,NA,10,"Daily record reached in 2011","8502799","NAIN",1999,2026
"DMC","10-25",2001-10-25,0.746153846153846,0.60911874131867,2.5,2004-10-25,NA,67.7,2000-08-01,NA,10,"Daily record reached in 2004","8502799","NAIN",1999,2026
"DMC","10-26",2001-10-26,0.692307692307692,0.875082413701264,3.2,2004-10-26,NA,67.7,2000-08-01,NA,10,"Daily record reached in 2004","8502799","NAIN",1999,2026
"DMC","10-27",2001-10-27,0.776923076923077,0.913011360055144,3.6,2004-10-27,NA,67.7,2000-08-01,NA,10,"Daily record reached in 2004","8502799","NAIN",1999,2026
"DMC","10-28",2001-10-28,0.715384615384615,0.996532449585523,3.7,2004-10-28,NA,67.7,2000-08-01,NA,10,"Daily record reached in 2004","8502799","NAIN",1999,2026
"DMC","10-29",2001-10-29,0.763636363636364,1.12274015450836,3.8,2004-10-29,NA,67.7,2000-08-01,NA,10,"Daily record reached in 2004","8502799","NAIN",1999,2026
"DMC","10-30",2001-10-30,0.881818181818182,1.25763125105746,4.3,2004-10-30,NA,67.7,2000-08-01,NA,10,"Daily record reached in 2004","8502799","NAIN",1999,2026
"DMC","10-31",2001-10-31,0.94,1.35581054068119,4.4,2004-10-31,NA,67.7,2000-08-01,NA,10,"Daily record reached in 2004","8502799","NAIN",1999,2026
"FFMC","04-01",2001-04-01,NA,NA,NA,NA,NA,96.7,2000-08-01,NA,4,"Daily record reached in NA","8502799","NAIN",1999,2026
"FFMC","04-02",2001-04-02,NA,NA,NA,NA,NA,96.7,2000-08-01,NA,4,"Daily record reached in NA","8502799","NAIN",1999,2026
"FFMC","04-03",2001-04-03,NA,NA,NA,NA,NA,96.7,2000-08-01,NA,4,"Daily record reached in NA","8502799","NAIN",1999,2026
"FFMC","04-04",2001-04-04,NA,NA,NA,NA,NA,96.7,2000-08-01,NA,4,"Daily record reached in NA","8502799","NAIN",1999,2026
"FFMC","04-05",2001-04-05,NA,NA,NA,NA,NA,96.7,2000-08-01,NA,4,"Daily record reached in NA","8502799","NAIN",1999,2026
"FFMC","04-06",2001-04-06,NA,NA,NA,NA,NA,96.7,2000-08-01,NA,4,"Daily record reached in NA","8502799","NAIN",1999,2026
"FFMC","04-07",2001-04-07,NA,NA,NA,NA,NA,96.7,2000-08-01,NA,4,"Daily record reached in NA","8502799","NAIN",1999,2026
"FFMC","04-08",2001-04-08,NA,NA,NA,NA,NA,96.7,2000-08-01,NA,4,"Daily record reached in NA","8502799","NAIN",1999,2026
"FFMC","04-09",2001-04-09,NA,NA,NA,NA,NA,96.7,2000-08-01,NA,4,"Daily record reached in NA","8502799","NAIN",1999,2026
"FFMC","04-10",2001-04-10,NA,NA,NA,NA,NA,96.7,2000-08-01,NA,4,"Daily record reached in NA","8502799","NAIN",1999,2026
"FFMC","04-11",2001-04-11,NA,NA,NA,NA,NA,96.7,2000-08-01,NA,4,"Daily record reached in NA","8502799","NAIN",1999,2026
"FFMC","04-12",2001-04-12,NA,NA,NA,NA,NA,96.7,2000-08-01,NA,4,"Daily record reached in NA","8502799","NAIN",1999,2026
"FFMC","04-13",2001-04-13,NA,NA,NA,NA,NA,96.7,2000-08-01,NA,4,"Daily record reached in NA","8502799","NAIN",1999,2026
"FFMC","04-14",2001-04-14,NA,NA,NA,NA,NA,96.7,2000-08-01,NA,4,"Daily record reached in NA","8502799","NAIN",1999,2026
"FFMC","04-15",2001-04-15,NA,NA,NA,NA,NA,96.7,2000-08-01,NA,4,"Daily record reached in NA","8502799","NAIN",1999,2026
"FFMC","04-16",2001-04-16,NA,NA,NA,NA,NA,96.7,2000-08-01,NA,4,"Daily record reached in NA","8502799","NAIN",1999,2026
"FFMC","04-17",2001-04-17,NA,NA,NA,NA,NA,96.7,2000-08-01,NA,4,"Daily record reached in NA","8502799","NAIN",1999,2026
"FFMC","04-18",2001-04-18,NA,NA,NA,NA,NA,96.7,2000-08-01,NA,4,"Daily record reached in NA","8502799","NAIN",1999,2026
"FFMC","04-19",2001-04-19,NA,NA,NA,NA,NA,96.7,2000-08-01,NA,4,"Daily record reached in NA","8502799","NAIN",1999,2026
"FFMC","04-20",2001-04-20,NA,NA,NA,NA,NA,96.7,2000-08-01,NA,4,"Daily record reached in NA","8502799","NAIN",1999,2026
"FFMC","04-21",2001-04-21,NA,NA,NA,NA,NA,96.7,2000-08-01,NA,4,"Daily record reached in NA","8502799","NAIN",1999,2026
"FFMC","04-22",2001-04-22,NA,NA,NA,NA,NA,96.7,2000-08-01,NA,4,"Daily record reached in NA","8502799","NAIN",1999,2026
"FFMC","04-23",2001-04-23,NA,NA,NA,NA,NA,96.7,2000-08-01,NA,4,"Daily record reached in NA","8502799","NAIN",1999,2026
"FFMC","04-24",2001-04-24,NA,NA,NA,NA,NA,96.7,2000-08-01,NA,4,"Daily record reached in NA","8502799","NAIN",1999,2026
"FFMC","04-25",2001-04-25,NA,NA,NA,NA,NA,96.7,2000-08-01,NA,4,"Daily record reached in NA","8502799","NAIN",1999,2026
"FFMC","04-26",2001-04-26,NA,NA,NA,NA,NA,96.7,2000-08-01,NA,4,"Daily record reached in NA","8502799","NAIN",1999,2026
"FFMC","04-27",2001-04-27,NA,NA,NA,NA,NA,96.7,2000-08-01,NA,4,"Daily record reached in NA","8502799","NAIN",1999,2026
"FFMC","04-28",2001-04-28,NA,NA,NA,NA,NA,96.7,2000-08-01,NA,4,"Daily record reached in NA","8502799","NAIN",1999,2026
"FFMC","04-29",2001-04-29,NA,NA,NA,NA,NA,96.7,2000-08-01,NA,4,"Daily record reached in NA","8502799","NAIN",1999,2026
"FFMC","04-30",2001-04-30,NA,NA,NA,NA,NA,96.7,2000-08-01,NA,4,"Daily record reached in NA","8502799","NAIN",1999,2026
"FFMC","05-01",2001-05-01,NA,NA,NA,NA,NA,96.7,2000-08-01,NA,5,"Daily record reached in NA","8502799","NAIN",1999,2026
"FFMC","05-02",2001-05-02,NA,NA,NA,NA,NA,96.7,2000-08-01,NA,5,"Daily record reached in NA","8502799","NAIN",1999,2026
"FFMC","05-03",2001-05-03,NA,NA,NA,NA,NA,96.7,2000-08-01,NA,5,"Daily record reached in NA","8502799","NAIN",1999,2026
"FFMC","05-04",2001-05-04,NA,NA,NA,NA,NA,96.7,2000-08-01,NA,5,"Daily record reached in NA","8502799","NAIN",1999,2026
"FFMC","05-05",2001-05-05,NA,NA,NA,NA,NA,96.7,2000-08-01,NA,5,"Daily record reached in NA","8502799","NAIN",1999,2026
"FFMC","05-06",2001-05-06,NA,NA,NA,NA,NA,96.7,2000-08-01,NA,5,"Daily record reached in NA","8502799","NAIN",1999,2026
"FFMC","05-07",2001-05-07,NA,NA,NA,NA,NA,96.7,2000-08-01,NA,5,"Daily record reached in NA","8502799","NAIN",1999,2026
"FFMC","05-08",2001-05-08,NA,NA,NA,NA,NA,96.7,2000-08-01,NA,5,"Daily record reached in NA","8502799","NAIN",1999,2026
"FFMC","05-09",2001-05-09,NA,NA,NA,NA,NA,96.7,2000-08-01,NA,5,"Daily record reached in NA","8502799","NAIN",1999,2026
"FFMC","05-10",2001-05-10,85,NA,85,2005-05-10,NA,96.7,2000-08-01,NA,5,"Daily record reached in 2005","8502799","NAIN",1999,2026
"FFMC","05-11",2001-05-11,84.35,0.91923881554251,85,2006-05-11,NA,96.7,2000-08-01,NA,5,"Daily record reached in 2006","8502799","NAIN",1999,2026
"FFMC","05-12",2001-05-12,54.6,45.679098064651,86.9,2006-05-12,NA,96.7,2000-08-01,NA,5,"Daily record reached in 2006","8502799","NAIN",1999,2026
"FFMC","05-13",2001-05-13,60.05,42.2142748368369,89.9,2006-05-13,NA,96.7,2000-08-01,NA,5,"Daily record reached in 2006","8502799","NAIN",1999,2026
"FFMC","05-14",2001-05-14,51.45,47.5882863738546,85.1,2006-05-14,NA,96.7,2000-08-01,NA,5,"Daily record reached in 2006","8502799","NAIN",1999,2026
"FFMC","05-15",2001-05-15,49.45,42.7799602617861,79.7,2006-05-15,NA,96.7,2000-08-01,NA,5,"Daily record reached in 2006","8502799","NAIN",1999,2026
"FFMC","05-16",2001-05-16,56.75,35.9917351623953,82.2,2006-05-16,NA,96.7,2000-08-01,NA,5,"Daily record reached in 2006","8502799","NAIN",1999,2026
"FFMC","05-17",2001-05-17,60,30.4055915910215,81.5,2006-05-17,NA,96.7,2000-08-01,NA,5,"Daily record reached in 2006","8502799","NAIN",1999,2026
"FFMC","05-18",2001-05-18,64.6,22.3445742854949,80.4,2006-05-18,NA,96.7,2000-08-01,NA,5,"Daily record reached in 2006","8502799","NAIN",1999,2026
"FFMC","05-19",2001-05-19,80.5,NA,80.5,2006-05-19,NA,96.7,2000-08-01,NA,5,"Daily record reached in 2006","8502799","NAIN",1999,2026
"FFMC","05-20",2001-05-20,80.2,NA,80.2,2006-05-20,NA,96.7,2000-08-01,NA,5,"Daily record reached in 2006","8502799","NAIN",1999,2026
"FFMC","05-21",2001-05-21,76.1,NA,76.1,2006-05-21,NA,96.7,2000-08-01,NA,5,"Daily record reached in 2006","8502799","NAIN",1999,2026
"FFMC","05-22",2001-05-22,68.3,27.8070135037907,85,2016-05-22,NA,96.7,2000-08-01,NA,5,"Daily record reached in 2016","8502799","NAIN",1999,2026
"FFMC","05-23",2001-05-23,55.1333333333333,24.2021348920572,80.2,2016-05-23,NA,96.7,2000-08-01,NA,5,"Daily record reached in 2016","8502799","NAIN",1999,2026
"FFMC","05-24",2001-05-24,72.1666666666667,7.46614581516684,80.6,2016-05-24,NA,96.7,2000-08-01,NA,5,"Daily record reached in 2016","8502799","NAIN",1999,2026
"FFMC","05-25",2001-05-25,77.4,3.25115364140177,80.6,2016-05-25,NA,96.7,2000-08-01,NA,5,"Daily record reached in 2016","8502799","NAIN",1999,2026
"FFMC","05-26",2001-05-26,75.1666666666667,10.1687429573833,83.4,2016-05-26,NA,96.7,2000-08-01,NA,5,"Daily record reached in 2016","8502799","NAIN",1999,2026
"FFMC","05-27",2001-05-27,79.9666666666667,2.99388265189759,83.4,2016-05-27,NA,96.7,2000-08-01,NA,5,"Daily record reached in 2016","8502799","NAIN",1999,2026
"FFMC","05-28",2001-05-28,81.9666666666667,2.91604755333883,83.7,2016-05-28,NA,96.7,2000-08-01,NA,5,"Daily record reached in 2016","8502799","NAIN",1999,2026
"FFMC","05-29",2001-05-29,80.2333333333333,3.50047615808669,83.7,2016-05-29,NA,96.7,2000-08-01,NA,5,"Daily record reached in 2016","8502799","NAIN",1999,2026
"FFMC","05-30",2001-05-30,83.4333333333333,3.15647482697603,87,2006-05-30,NA,96.7,2000-08-01,NA,5,"Daily record reached in 2006","8502799","NAIN",1999,2026
"FFMC","05-31",2001-05-31,85.6,3.3,88.9,2005-05-31,NA,96.7,2000-08-01,NA,5,"Daily record reached in 2005","8502799","NAIN",1999,2026
"FFMC","06-01",2001-06-01,84.1,4.57055795281058,88.9,2005-06-01,NA,96.7,2000-08-01,NA,6,"Daily record reached in 2005","8502799","NAIN",1999,2026
"FFMC","06-02",2001-06-02,87.2666666666667,2.74286954362277,90.4,2005-06-02,NA,96.7,2000-08-01,NA,6,"Daily record reached in 2005","8502799","NAIN",1999,2026
"FFMC","06-03",2001-06-03,85.775,2.70477971992792,88.9,2005-06-03,NA,96.7,2000-08-01,NA,6,"Daily record reached in 2005","8502799","NAIN",1999,2026
"FFMC","06-04",2001-06-04,82.3,3.01330383466387,85,2012-06-04,NA,96.7,2000-08-01,NA,6,"Daily record reached in 2012","8502799","NAIN",1999,2026
"FFMC","06-05",2001-06-05,80.3,7.24913787977578,86.4,2026-06-05,86.4,96.7,2000-08-01,NA,6,"Daily record reached in 2026","8502799","NAIN",1999,2026
"FFMC","06-06",2001-06-06,83.1,4.58257569495584,89.7,2026-06-06,89.7,96.7,2000-08-01,NA,6,"Daily record reached in 2026","8502799","NAIN",1999,2026
"FFMC","06-07",2001-06-07,72.12,16.7301225339207,86.1,2026-06-07,86.1,96.7,2000-08-01,NA,6,"Daily record reached in 2026","8502799","NAIN",1999,2026
"FFMC","06-08",2001-06-08,61.3333333333333,35.8357177501256,91.6,2006-06-08,86.9,96.7,2000-08-01,NA,6,"Daily record reached in 2006","8502799","NAIN",1999,2026
"FFMC","06-09",2001-06-09,62.7666666666667,36.5663050726576,92.3,2006-06-09,84.3,96.7,2000-08-01,NA,6,"Daily record reached in 2006","8502799","NAIN",1999,2026
"FFMC","06-10",2001-06-10,66.6285714285714,26.3035938156566,86.9,2006-06-10,84.1,96.7,2000-08-01,NA,6,"Daily record reached in 2006","8502799","NAIN",1999,2026
"FFMC","06-11",2001-06-11,67.8714285714286,22.0398664761317,85,2013-06-11,84.9,96.7,2000-08-01,NA,6,"Daily record reached in 2013","8502799","NAIN",1999,2026
"FFMC","06-12",2001-06-12,68.35,19.6434976518949,84.9,2026-06-12,84.9,96.7,2000-08-01,NA,6,"Daily record reached in 2026","8502799","NAIN",1999,2026
"FFMC","06-13",2001-06-13,74.2714285714286,15.6736205438431,86.7,2006-06-13,82,96.7,2000-08-01,NA,6,"Daily record reached in 2006","8502799","NAIN",1999,2026
"FFMC","06-14",2001-06-14,72.525,19.9522823613884,90.6,2006-06-14,81.9,96.7,2000-08-01,NA,6,"Daily record reached in 2006","8502799","NAIN",1999,2026
"FFMC","06-15",2001-06-15,69.125,17.3600320934529,86.6,2007-06-15,NA,96.7,2000-08-01,NA,6,"Daily record reached in 2007","8502799","NAIN",1999,2026
"FFMC","06-16",2001-06-16,73.1444444444444,21.9432285176493,89.2,2012-06-16,NA,96.7,2000-08-01,NA,6,"Daily record reached in 2012","8502799","NAIN",1999,2026
"FFMC","06-17",2001-06-17,71.23,17.4167894732512,89.3,2012-06-17,NA,96.7,2000-08-01,NA,6,"Daily record reached in 2012","8502799","NAIN",1999,2026
"FFMC","06-18",2001-06-18,70.2181818181818,16.6717016637066,87.2,2012-06-18,NA,96.7,2000-08-01,NA,6,"Daily record reached in 2012","8502799","NAIN",1999,2026
"FFMC","06-19",2001-06-19,71.4909090909091,20.1587427457892,91.5,2005-06-19,NA,96.7,2000-08-01,NA,6,"Daily record reached in 2005","8502799","NAIN",1999,2026
"FFMC","06-20",2001-06-20,64.0909090909091,27.1666138686975,89,2012-06-20,NA,96.7,2000-08-01,NA,6,"Daily record reached in 2012","8502799","NAIN",1999,2026
"FFMC","06-21",2001-06-21,70.6461538461539,23.519907007491,86.2,2013-06-21,NA,96.7,2000-08-01,NA,6,"Daily record reached in 2013","8502799","NAIN",1999,2026
"FFMC","06-22",2001-06-22,63.4230769230769,25.6109401703697,85.1,2013-06-22,NA,96.7,2000-08-01,NA,6,"Daily record reached in 2013","8502799","NAIN",1999,2026
"FFMC","06-23",2001-06-23,62.1571428571429,23.9710952314117,86.8,2006-06-23,NA,96.7,2000-08-01,NA,6,"Daily record reached in 2006","8502799","NAIN",1999,2026
"FFMC","06-24",2001-06-24,63.5461538461538,22.7682386738125,87.8,2006-06-24,NA,96.7,2000-08-01,NA,6,"Daily record reached in 2006","8502799","NAIN",1999,2026
"FFMC","06-25",2001-06-25,60.9642857142857,24.9243349465432,88.3,2013-06-25,NA,96.7,2000-08-01,NA,6,"Daily record reached in 2013","8502799","NAIN",1999,2026
"FFMC","06-26",2001-06-26,67.4333333333333,23.7875918034912,88.4,2013-06-26,NA,96.7,2000-08-01,NA,6,"Daily record reached in 2013","8502799","NAIN",1999,2026
"FFMC","06-27",2001-06-27,63.1533333333333,27.3255470907633,89.6,2013-06-27,NA,96.7,2000-08-01,NA,6,"Daily record reached in 2013","8502799","NAIN",1999,2026
"FFMC","06-28",2001-06-28,58.1533333333333,26.5938195469406,94.1,2014-06-28,NA,96.7,2000-08-01,NA,6,"Daily record reached in 2014","8502799","NAIN",1999,2026
"FFMC","06-29",2001-06-29,65.3125,22.9716890976698,90.3,2025-06-29,NA,96.7,2000-08-01,NA,6,"Daily record reached in 2025","8502799","NAIN",1999,2026
"FFMC","06-30",2001-06-30,66.175,22.7410495213685,86.8,2018-06-30,NA,96.7,2000-08-01,NA,6,"Daily record reached in 2018","8502799","NAIN",1999,2026
"FFMC","07-01",2001-07-01,59.6294117647059,24.4623374983331,88,2017-07-01,NA,96.7,2000-08-01,NA,7,"Daily record reached in 2017","8502799","NAIN",1999,2026
"FFMC","07-02",2001-07-02,55.4823529411765,27.2809053023841,84.9,2017-07-02,NA,96.7,2000-08-01,NA,7,"Daily record reached in 2017","8502799","NAIN",1999,2026
"FFMC","07-03",2001-07-03,56.2941176470588,18.4460859868779,85.3,2013-07-03,NA,96.7,2000-08-01,NA,7,"Daily record reached in 2013","8502799","NAIN",1999,2026
"FFMC","07-04",2001-07-04,57.0882352941176,20.5647113507867,89.2,2004-07-04,NA,96.7,2000-08-01,NA,7,"Daily record reached in 2004","8502799","NAIN",1999,2026
"FFMC","07-05",2001-07-05,58.95,27.0794962591083,85,2008-07-05,NA,96.7,2000-08-01,NA,7,"Daily record reached in 2008","8502799","NAIN",1999,2026
"FFMC","07-06",2001-07-06,53.3277777777778,27.1337386152707,84.3,2017-07-06,NA,96.7,2000-08-01,NA,7,"Daily record reached in 2017","8502799","NAIN",1999,2026
"FFMC","07-07",2001-07-07,52.0944444444444,22.498901207738,87.2,2020-07-07,NA,96.7,2000-08-01,NA,7,"Daily record reached in 2020","8502799","NAIN",1999,2026
"FFMC","07-08",2001-07-08,60.3105263157895,23.6991770775284,87.4,2025-07-08,NA,96.7,2000-08-01,NA,7,"Daily record reached in 2025","8502799","NAIN",1999,2026
"FFMC","07-09",2001-07-09,64.68,24.7818397006229,88,2025-07-09,NA,96.7,2000-08-01,NA,7,"Daily record reached in 2025","8502799","NAIN",1999,2026
"FFMC","07-10",2001-07-10,56.015,26.7087266440646,90.6,2025-07-10,NA,96.7,2000-08-01,NA,7,"Daily record reached in 2025","8502799","NAIN",1999,2026
"FFMC","07-11",2001-07-11,56.83,23.5967905935487,93.9,2025-07-11,NA,96.7,2000-08-01,NA,7,"Daily record reached in 2025","8502799","NAIN",1999,2026
"FFMC","07-12",2001-07-12,55.6105263157895,24.5691291108,92.3,2025-07-12,NA,96.7,2000-08-01,NA,7,"Daily record reached in 2025","8502799","NAIN",1999,2026
"FFMC","07-13",2001-07-13,65.005,23.0393364990355,87.9,2006-07-13,NA,96.7,2000-08-01,NA,7,"Daily record reached in 2006","8502799","NAIN",1999,2026
"FFMC","07-14",2001-07-14,63.765,25.0757856569997,89.6,2000-07-14,NA,96.7,2000-08-01,NA,7,"Daily record reached in 2000","8502799","NAIN",1999,2026
"FFMC","07-15",2001-07-15,62.785,27.3122736049873,91,2003-07-15,NA,96.7,2000-08-01,NA,7,"Daily record reached in 2003","8502799","NAIN",1999,2026
"FFMC","07-16",2001-07-16,66.935,23.3614454085989,93.7,2000-07-16,NA,96.7,2000-08-01,NA,7,"Daily record reached in 2000","8502799","NAIN",1999,2026
"FFMC","07-17",2001-07-17,64.43,24.7962879225267,90.8,2017-07-17,NA,96.7,2000-08-01,NA,7,"Daily record reached in 2017","8502799","NAIN",1999,2026
"FFMC","07-18",2001-07-18,60.56,22.4003148474114,91.8,2017-07-18,NA,96.7,2000-08-01,NA,7,"Daily record reached in 2017","8502799","NAIN",1999,2026
"FFMC","07-19",2001-07-19,59.045,21.0923152630975,84.9,2016-07-19,NA,96.7,2000-08-01,NA,7,"Daily record reached in 2016","8502799","NAIN",1999,2026
"FFMC","07-20",2001-07-20,59.43,23.849022930444,83.4,2006-07-20,NA,96.7,2000-08-01,NA,7,"Daily record reached in 2006","8502799","NAIN",1999,2026
"FFMC","07-21",2001-07-21,55.195,25.7664096920982,88.3,2012-07-21,NA,96.7,2000-08-01,NA,7,"Daily record reached in 2012","8502799","NAIN",1999,2026
"FFMC","07-22",2001-07-22,53.89,24.9083351088493,88.2,2000-07-22,NA,96.7,2000-08-01,NA,7,"Daily record reached in 2000","8502799","NAIN",1999,2026
"FFMC","07-23",2001-07-23,56.835,23.4785293854888,87.9,2011-07-23,NA,96.7,2000-08-01,NA,7,"Daily record reached in 2011","8502799","NAIN",1999,2026
"FFMC","07-24",2001-07-24,63.045,26.0774852476635,92.7,2000-07-24,NA,96.7,2000-08-01,NA,7,"Daily record reached in 2000","8502799","NAIN",1999,2026
"FFMC","07-25",2001-07-25,66.475,21.9192747430922,93.4,2000-07-25,NA,96.7,2000-08-01,NA,7,"Daily record reached in 2000","8502799","NAIN",1999,2026
"FFMC","07-26",2001-07-26,62.91,23.0419046179141,91.8,2000-07-26,NA,96.7,2000-08-01,NA,7,"Daily record reached in 2000","8502799","NAIN",1999,2026
"FFMC","07-27",2001-07-27,65.165,24.6397683473389,93,2000-07-27,NA,96.7,2000-08-01,NA,7,"Daily record reached in 2000","8502799","NAIN",1999,2026
"FFMC","07-28",2001-07-28,59.665,27.559529348208,86.9,2000-07-28,NA,96.7,2000-08-01,NA,7,"Daily record reached in 2000","8502799","NAIN",1999,2026
"FFMC","07-29",2001-07-29,52.81,31.5321206324432,91.1,2000-07-29,NA,96.7,2000-08-01,NA,7,"Daily record reached in 2000","8502799","NAIN",1999,2026
"FFMC","07-30",2001-07-30,55.405,29.1991613974749,95.3,2000-07-30,NA,96.7,2000-08-01,NA,7,"Daily record reached in 2000","8502799","NAIN",1999,2026
"FFMC","07-31",2001-07-31,59.045,28.2333411524669,96.6,2000-07-31,NA,96.7,2000-08-01,NA,7,"Daily record reached in 2000","8502799","NAIN",1999,2026
"FFMC","08-01",2001-08-01,54.305,30.3716709243473,96.7,2000-08-01,NA,96.7,2000-08-01,NA,8,"Daily record reached in 2000","8502799","NAIN",1999,2026
"FFMC","08-02",2001-08-02,53.62,28.5667381112333,86.1,2003-08-02,NA,96.7,2000-08-01,NA,8,"Daily record reached in 2003","8502799","NAIN",1999,2026
"FFMC","08-03",2001-08-03,50.3736842105263,28.6027551529425,85.3,2003-08-03,NA,96.7,2000-08-01,NA,8,"Daily record reached in 2003","8502799","NAIN",1999,2026
"FFMC","08-04",2001-08-04,61.895,22.8109040177119,85.3,2017-08-04,NA,96.7,2000-08-01,NA,8,"Daily record reached in 2017","8502799","NAIN",1999,2026
"FFMC","08-05",2001-08-05,58.69,24.9527743421132,87.6,2020-08-05,NA,96.7,2000-08-01,NA,8,"Daily record reached in 2020","8502799","NAIN",1999,2026
"FFMC","08-06",2001-08-06,52.07,26.0157260133174,87.3,2007-08-06,NA,96.7,2000-08-01,NA,8,"Daily record reached in 2007","8502799","NAIN",1999,2026
"FFMC","08-07",2001-08-07,49.865,23.5719118086716,86.8,2025-08-07,NA,96.7,2000-08-01,NA,8,"Daily record reached in 2025","8502799","NAIN",1999,2026
"FFMC","08-08",2001-08-08,55.0684210526316,23.007657001567,90.1,2025-08-08,NA,96.7,2000-08-01,NA,8,"Daily record reached in 2025","8502799","NAIN",1999,2026
"FFMC","08-09",2001-08-09,59.275,23.1277430805516,86.4,2006-08-09,NA,96.7,2000-08-01,NA,8,"Daily record reached in 2006","8502799","NAIN",1999,2026
"FFMC","08-10",2001-08-10,59.92,23.7285881319737,87.5,2000-08-10,NA,96.7,2000-08-01,NA,8,"Daily record reached in 2000","8502799","NAIN",1999,2026
"FFMC","08-11",2001-08-11,61.33,20.1069011457313,87.5,2012-08-11,NA,96.7,2000-08-01,NA,8,"Daily record reached in 2012","8502799","NAIN",1999,2026
"FFMC","08-12",2001-08-12,60.69,21.354154039363,85.7,2014-08-12,NA,96.7,2000-08-01,NA,8,"Daily record reached in 2014","8502799","NAIN",1999,2026
"FFMC","08-13",2001-08-13,61.02,19.6571026402806,85.5,2018-08-13,NA,96.7,2000-08-01,NA,8,"Daily record reached in 2018","8502799","NAIN",1999,2026
"FFMC","08-14",2001-08-14,63.74,26.3706655206121,85.2,2014-08-14,NA,96.7,2000-08-01,NA,8,"Daily record reached in 2014","8502799","NAIN",1999,2026
"FFMC","08-15",2001-08-15,66.5631578947368,25.972083528416,89.2,2020-08-15,NA,96.7,2000-08-01,NA,8,"Daily record reached in 2020","8502799","NAIN",1999,2026
"FFMC","08-16",2001-08-16,68.27,22.8147020927065,89.2,2020-08-16,NA,96.7,2000-08-01,NA,8,"Daily record reached in 2020","8502799","NAIN",1999,2026
"FFMC","08-17",2001-08-17,70.2,16.9660962231337,88.8,2013-08-17,NA,96.7,2000-08-01,NA,8,"Daily record reached in 2013","8502799","NAIN",1999,2026
"FFMC","08-18",2001-08-18,67.46,17.4760106250946,85.5,2013-08-18,NA,96.7,2000-08-01,NA,8,"Daily record reached in 2013","8502799","NAIN",1999,2026
"FFMC","08-19",2001-08-19,61.235,25.9635630309701,86.8,2018-08-19,NA,96.7,2000-08-01,NA,8,"Daily record reached in 2018","8502799","NAIN",1999,2026
"FFMC","08-20",2001-08-20,62.05,26.8754534845461,87.5,2018-08-20,NA,96.7,2000-08-01,NA,8,"Daily record reached in 2018","8502799","NAIN",1999,2026
"FFMC","08-21",2001-08-21,60.4894736842105,28.0831086981489,88.3,2013-08-21,NA,96.7,2000-08-01,NA,8,"Daily record reached in 2013","8502799","NAIN",1999,2026
"FFMC","08-22",2001-08-22,57.62,26.145556128397,86.1,2001-08-22,NA,96.7,2000-08-01,NA,8,"Daily record reached in 2001","8502799","NAIN",1999,2026
"FFMC","08-23",2001-08-23,56.935,23.1556807853187,87.1,2007-08-23,NA,96.7,2000-08-01,NA,8,"Daily record reached in 2007","8502799","NAIN",1999,2026
"FFMC","08-24",2001-08-24,63.525,19.7066880178172,90.2,2005-08-24,NA,96.7,2000-08-01,NA,8,"Daily record reached in 2005","8502799","NAIN",1999,2026
"FFMC","08-25",2001-08-25,65.4736842105263,21.2437400480252,88.3,2005-08-25,NA,96.7,2000-08-01,NA,8,"Daily record reached in 2005","8502799","NAIN",1999,2026
"FFMC","08-26",2001-08-26,60.535,22.8096303530352,85.9,2005-08-26,NA,96.7,2000-08-01,NA,8,"Daily record reached in 2005","8502799","NAIN",1999,2026
"FFMC","08-27",2001-08-27,56.745,25.2585259185675,89.1,2019-08-27,NA,96.7,2000-08-01,NA,8,"Daily record reached in 2019","8502799","NAIN",1999,2026
"FFMC","08-28",2001-08-28,63.57,19.9775163094599,88.8,2017-08-28,NA,96.7,2000-08-01,NA,8,"Daily record reached in 2017","8502799","NAIN",1999,2026
"FFMC","08-29",2001-08-29,70.0421052631579,16.12228670676,90.2,2017-08-29,NA,96.7,2000-08-01,NA,8,"Daily record reached in 2017","8502799","NAIN",1999,2026
"FFMC","08-30",2001-08-30,72.265,14.9329122551849,90,2017-08-30,NA,96.7,2000-08-01,NA,8,"Daily record reached in 2017","8502799","NAIN",1999,2026
"FFMC","08-31",2001-08-31,68.57,18.2588435674621,86.4,2019-08-31,NA,96.7,2000-08-01,NA,8,"Daily record reached in 2019","8502799","NAIN",1999,2026
"FFMC","09-01",2001-09-01,66.04,22.6059470517221,87.2,2019-09-01,NA,96.7,2000-08-01,NA,9,"Daily record reached in 2019","8502799","NAIN",1999,2026
"FFMC","09-02",2001-09-02,68.81,21.7560856579922,87.3,2013-09-02,NA,96.7,2000-08-01,NA,9,"Daily record reached in 2013","8502799","NAIN",1999,2026
"FFMC","09-03",2001-09-03,70.285,18.460634504691,86.7,2006-09-03,NA,96.7,2000-08-01,NA,9,"Daily record reached in 2006","8502799","NAIN",1999,2026
"FFMC","09-04",2001-09-04,67.185,19.6517650205027,86.7,2006-09-04,NA,96.7,2000-08-01,NA,9,"Daily record reached in 2006","8502799","NAIN",1999,2026
"FFMC","09-05",2001-09-05,66,19.6876129904861,88.3,2016-09-05,NA,96.7,2000-08-01,NA,9,"Daily record reached in 2016","8502799","NAIN",1999,2026
"FFMC","09-06",2001-09-06,64.405,22.5518227761375,88.3,2016-09-06,NA,96.7,2000-08-01,NA,9,"Daily record reached in 2016","8502799","NAIN",1999,2026
"FFMC","09-07",2001-09-07,68.43,16.3183171216952,87.5,2011-09-07,NA,96.7,2000-08-01,NA,9,"Daily record reached in 2011","8502799","NAIN",1999,2026
"FFMC","09-08",2001-09-08,64.435,20.6586104133489,87.4,2011-09-08,NA,96.7,2000-08-01,NA,9,"Daily record reached in 2011","8502799","NAIN",1999,2026
"FFMC","09-09",2001-09-09,70.525,16.2363748546605,86.3,2008-09-09,NA,96.7,2000-08-01,NA,9,"Daily record reached in 2008","8502799","NAIN",1999,2026
"FFMC","09-10",2001-09-10,69.8842105263158,16.6015482262581,87.7,2009-09-10,NA,96.7,2000-08-01,NA,9,"Daily record reached in 2009","8502799","NAIN",1999,2026
"FFMC","09-11",2001-09-11,73.6789473684211,14.4405131852241,87.7,2009-09-11,NA,96.7,2000-08-01,NA,9,"Daily record reached in 2009","8502799","NAIN",1999,2026
"FFMC","09-12",2001-09-12,70.535,19.098340379812,87.4,2006-09-12,NA,96.7,2000-08-01,NA,9,"Daily record reached in 2006","8502799","NAIN",1999,2026
"FFMC","09-13",2001-09-13,69.745,19.7148748277458,87.9,2019-09-13,NA,96.7,2000-08-01,NA,9,"Daily record reached in 2019","8502799","NAIN",1999,2026
"FFMC","09-14",2001-09-14,66.215,17.8266883012374,87.8,2012-09-14,NA,96.7,2000-08-01,NA,9,"Daily record reached in 2012","8502799","NAIN",1999,2026
"FFMC","09-15",2001-09-15,64.615,17.42678745646,85.7,2010-09-15,NA,96.7,2000-08-01,NA,9,"Daily record reached in 2010","8502799","NAIN",1999,2026
"FFMC","09-16",2001-09-16,64.365,19.0033868172575,85.1,2010-09-16,NA,96.7,2000-08-01,NA,9,"Daily record reached in 2010","8502799","NAIN",1999,2026
"FFMC","09-17",2001-09-17,62.73,18.9059194294719,85.3,2017-09-17,NA,96.7,2000-08-01,NA,9,"Daily record reached in 2017","8502799","NAIN",1999,2026
"FFMC","09-18",2001-09-18,70.08,16.1471392284565,85.3,2017-09-18,NA,96.7,2000-08-01,NA,9,"Daily record reached in 2017","8502799","NAIN",1999,2026
"FFMC","09-19",2001-09-19,71.12,18.8754532883877,84.8,2011-09-19,NA,96.7,2000-08-01,NA,9,"Daily record reached in 2011","8502799","NAIN",1999,2026
"FFMC","09-20",2001-09-20,70.52,18.1094508620862,85.7,2011-09-20,NA,96.7,2000-08-01,NA,9,"Daily record reached in 2011","8502799","NAIN",1999,2026
"FFMC","09-21",2001-09-21,68.985,21.8064277100511,85.1,2018-09-21,NA,96.7,2000-08-01,NA,9,"Daily record reached in 2018","8502799","NAIN",1999,2026
"FFMC","09-22",2001-09-22,62.755,20.6165359028033,86.9,2003-09-22,NA,96.7,2000-08-01,NA,9,"Daily record reached in 2003","8502799","NAIN",1999,2026
"FFMC","09-23",2001-09-23,60.835,22.8032609625535,86.9,2003-09-23,NA,96.7,2000-08-01,NA,9,"Daily record reached in 2003","8502799","NAIN",1999,2026
"FFMC","09-24",2001-09-24,63.475,19.5276019224611,86,2008-09-24,NA,96.7,2000-08-01,NA,9,"Daily record reached in 2008","8502799","NAIN",1999,2026
"FFMC","09-25",2001-09-25,69.81,14.864507356363,85.9,2010-09-25,NA,96.7,2000-08-01,NA,9,"Daily record reached in 2010","8502799","NAIN",1999,2026
"FFMC","09-26",2001-09-26,74.7684210526316,11.9847149241384,86.4,2010-09-26,NA,96.7,2000-08-01,NA,9,"Daily record reached in 2010","8502799","NAIN",1999,2026
"FFMC","09-27",2001-09-27,68.595,18.44452493289,87.4,2010-09-27,NA,96.7,2000-08-01,NA,9,"Daily record reached in 2010","8502799","NAIN",1999,2026
"FFMC","09-28",2001-09-28,69.6157894736842,16.9224132491627,87.4,2010-09-28,NA,96.7,2000-08-01,NA,9,"Daily record reached in 2010","8502799","NAIN",1999,2026
"FFMC","09-29",2001-09-29,64.565,19.834453676156,87.9,2016-09-29,NA,96.7,2000-08-01,NA,9,"Daily record reached in 2016","8502799","NAIN",1999,2026
"FFMC","09-30",2001-09-30,58.68,24.2328311441969,87.9,2016-09-30,NA,96.7,2000-08-01,NA,9,"Daily record reached in 2016","8502799","NAIN",1999,2026
"FFMC","10-01",2001-10-01,62.3,21.3750223145467,87.2,2013-10-01,NA,96.7,2000-08-01,NA,10,"Daily record reached in 2013","8502799","NAIN",1999,2026
"FFMC","10-02",2001-10-02,64.985,17.971535241803,85.4,2016-10-02,NA,96.7,2000-08-01,NA,10,"Daily record reached in 2016","8502799","NAIN",1999,2026
"FFMC","10-03",2001-10-03,64.92,21.777042474757,86.7,2016-10-03,NA,96.7,2000-08-01,NA,10,"Daily record reached in 2016","8502799","NAIN",1999,2026
"FFMC","10-04",2001-10-04,66.65,18.4120812740468,86.3,2016-10-04,NA,96.7,2000-08-01,NA,10,"Daily record reached in 2016","8502799","NAIN",1999,2026
"FFMC","10-05",2001-10-05,67.215,18.3864158952658,86,2010-10-05,NA,96.7,2000-08-01,NA,10,"Daily record reached in 2010","8502799","NAIN",1999,2026
"FFMC","10-06",2001-10-06,70.34,15.2758288602753,86,2010-10-06,NA,96.7,2000-08-01,NA,10,"Daily record reached in 2010","8502799","NAIN",1999,2026
"FFMC","10-07",2001-10-07,67.7111111111111,21.3746383220557,85.4,2019-10-07,NA,96.7,2000-08-01,NA,10,"Daily record reached in 2019","8502799","NAIN",1999,2026
"FFMC","10-08",2001-10-08,66.9944444444445,18.3422839113609,85.2,2011-10-08,NA,96.7,2000-08-01,NA,10,"Daily record reached in 2011","8502799","NAIN",1999,2026
"FFMC","10-09",2001-10-09,61.9944444444444,17.6631378273651,85.1,2019-10-09,NA,96.7,2000-08-01,NA,10,"Daily record reached in 2019","8502799","NAIN",1999,2026
"FFMC","10-10",2001-10-10,62.5944444444444,19.4023792422846,85.2,2019-10-10,NA,96.7,2000-08-01,NA,10,"Daily record reached in 2019","8502799","NAIN",1999,2026
"FFMC","10-11",2001-10-11,66.8833333333333,16.7228005675942,86.3,2019-10-11,NA,96.7,2000-08-01,NA,10,"Daily record reached in 2019","8502799","NAIN",1999,2026
"FFMC","10-12",2001-10-12,68.6666666666667,17.5701618727687,87.6,2019-10-12,NA,96.7,2000-08-01,NA,10,"Daily record reached in 2019","8502799","NAIN",1999,2026
"FFMC","10-13",2001-10-13,70.7111111111111,15.3594917535739,85.2,2013-10-13,NA,96.7,2000-08-01,NA,10,"Daily record reached in 2013","8502799","NAIN",1999,2026
"FFMC","10-14",2001-10-14,62.8944444444444,17.9002948454922,85.2,2013-10-14,NA,96.7,2000-08-01,NA,10,"Daily record reached in 2013","8502799","NAIN",1999,2026
"FFMC","10-15",2001-10-15,65.7444444444445,18.1467943116918,84.9,2013-10-15,NA,96.7,2000-08-01,NA,10,"Daily record reached in 2013","8502799","NAIN",1999,2026
"FFMC","10-16",2001-10-16,60.0833333333333,24.6170493286068,84.9,2007-10-16,NA,96.7,2000-08-01,NA,10,"Daily record reached in 2007","8502799","NAIN",1999,2026
"FFMC","10-17",2001-10-17,54.8777777777778,22.2605838820827,84.8,2017-10-17,NA,96.7,2000-08-01,NA,10,"Daily record reached in 2017","8502799","NAIN",1999,2026
"FFMC","10-18",2001-10-18,46.1,24.8436360060278,85.2,2007-10-18,NA,96.7,2000-08-01,NA,10,"Daily record reached in 2007","8502799","NAIN",1999,2026
"FFMC","10-19",2001-10-19,46.2764705882353,25.6481366138889,85.6,2007-10-19,NA,96.7,2000-08-01,NA,10,"Daily record reached in 2007","8502799","NAIN",1999,2026
"FFMC","10-20",2001-10-20,43.20625,22.6217143102227,79.4,2009-10-20,NA,96.7,2000-08-01,NA,10,"Daily record reached in 2009","8502799","NAIN",1999,2026
"FFMC","10-21",2001-10-21,42.45,18.5831106115203,79.8,2017-10-21,NA,96.7,2000-08-01,NA,10,"Daily record reached in 2017","8502799","NAIN",1999,2026
"FFMC","10-22",2001-10-22,53.4733333333333,17.3307104242591,83,2017-10-22,NA,96.7,2000-08-01,NA,10,"Daily record reached in 2017","8502799","NAIN",1999,2026
"FFMC","10-23",2001-10-23,58.7428571428571,18.4676313205946,81.3,2011-10-23,NA,96.7,2000-08-01,NA,10,"Daily record reached in 2011","8502799","NAIN",1999,2026
"FFMC","10-24",2001-10-24,61.45,18.7151008546575,83.7,2011-10-24,NA,96.7,2000-08-01,NA,10,"Daily record reached in 2011","8502799","NAIN",1999,2026
"FFMC","10-25",2001-10-25,64.2384615384615,15.6949322214496,85.3,2004-10-25,NA,96.7,2000-08-01,NA,10,"Daily record reached in 2004","8502799","NAIN",1999,2026
"FFMC","10-26",2001-10-26,59.5307692307692,19.8651866597231,85.8,2004-10-26,NA,96.7,2000-08-01,NA,10,"Daily record reached in 2004","8502799","NAIN",1999,2026
"FFMC","10-27",2001-10-27,65.5230769230769,16.5468100574377,85.8,2004-10-27,NA,96.7,2000-08-01,NA,10,"Daily record reached in 2004","8502799","NAIN",1999,2026
"FFMC","10-28",2001-10-28,61.5384615384615,20.1614540837022,85.8,2004-10-28,NA,96.7,2000-08-01,NA,10,"Daily record reached in 2004","8502799","NAIN",1999,2026
"FFMC","10-29",2001-10-29,56.2090909090909,25.2635886027878,84.9,2004-10-29,NA,96.7,2000-08-01,NA,10,"Daily record reached in 2004","8502799","NAIN",1999,2026
"FFMC","10-30",2001-10-30,62.4,20.9096628380278,85.3,2004-10-30,NA,96.7,2000-08-01,NA,10,"Daily record reached in 2004","8502799","NAIN",1999,2026
"FFMC","10-31",2001-10-31,63.99,18.8692842707107,83.6,2005-10-31,NA,96.7,2000-08-01,NA,10,"Daily record reached in 2005","8502799","NAIN",1999,2026
"FWI","04-01",2001-04-01,NA,NA,NA,NA,NA,72.4,2010-09-23,NA,4,"Daily record reached in NA","8502799","NAIN",1999,2026
"FWI","04-02",2001-04-02,NA,NA,NA,NA,NA,72.4,2010-09-23,NA,4,"Daily record reached in NA","8502799","NAIN",1999,2026
"FWI","04-03",2001-04-03,NA,NA,NA,NA,NA,72.4,2010-09-23,NA,4,"Daily record reached in NA","8502799","NAIN",1999,2026
"FWI","04-04",2001-04-04,NA,NA,NA,NA,NA,72.4,2010-09-23,NA,4,"Daily record reached in NA","8502799","NAIN",1999,2026
"FWI","04-05",2001-04-05,NA,NA,NA,NA,NA,72.4,2010-09-23,NA,4,"Daily record reached in NA","8502799","NAIN",1999,2026
"FWI","04-06",2001-04-06,NA,NA,NA,NA,NA,72.4,2010-09-23,NA,4,"Daily record reached in NA","8502799","NAIN",1999,2026
"FWI","04-07",2001-04-07,NA,NA,NA,NA,NA,72.4,2010-09-23,NA,4,"Daily record reached in NA","8502799","NAIN",1999,2026
"FWI","04-08",2001-04-08,NA,NA,NA,NA,NA,72.4,2010-09-23,NA,4,"Daily record reached in NA","8502799","NAIN",1999,2026
"FWI","04-09",2001-04-09,NA,NA,NA,NA,NA,72.4,2010-09-23,NA,4,"Daily record reached in NA","8502799","NAIN",1999,2026
"FWI","04-10",2001-04-10,NA,NA,NA,NA,NA,72.4,2010-09-23,NA,4,"Daily record reached in NA","8502799","NAIN",1999,2026
"FWI","04-11",2001-04-11,NA,NA,NA,NA,NA,72.4,2010-09-23,NA,4,"Daily record reached in NA","8502799","NAIN",1999,2026
"FWI","04-12",2001-04-12,NA,NA,NA,NA,NA,72.4,2010-09-23,NA,4,"Daily record reached in NA","8502799","NAIN",1999,2026
"FWI","04-13",2001-04-13,NA,NA,NA,NA,NA,72.4,2010-09-23,NA,4,"Daily record reached in NA","8502799","NAIN",1999,2026
"FWI","04-14",2001-04-14,NA,NA,NA,NA,NA,72.4,2010-09-23,NA,4,"Daily record reached in NA","8502799","NAIN",1999,2026
"FWI","04-15",2001-04-15,NA,NA,NA,NA,NA,72.4,2010-09-23,NA,4,"Daily record reached in NA","8502799","NAIN",1999,2026
"FWI","04-16",2001-04-16,NA,NA,NA,NA,NA,72.4,2010-09-23,NA,4,"Daily record reached in NA","8502799","NAIN",1999,2026
"FWI","04-17",2001-04-17,NA,NA,NA,NA,NA,72.4,2010-09-23,NA,4,"Daily record reached in NA","8502799","NAIN",1999,2026
"FWI","04-18",2001-04-18,NA,NA,NA,NA,NA,72.4,2010-09-23,NA,4,"Daily record reached in NA","8502799","NAIN",1999,2026
"FWI","04-19",2001-04-19,NA,NA,NA,NA,NA,72.4,2010-09-23,NA,4,"Daily record reached in NA","8502799","NAIN",1999,2026
"FWI","04-20",2001-04-20,NA,NA,NA,NA,NA,72.4,2010-09-23,NA,4,"Daily record reached in NA","8502799","NAIN",1999,2026
"FWI","04-21",2001-04-21,NA,NA,NA,NA,NA,72.4,2010-09-23,NA,4,"Daily record reached in NA","8502799","NAIN",1999,2026
"FWI","04-22",2001-04-22,NA,NA,NA,NA,NA,72.4,2010-09-23,NA,4,"Daily record reached in NA","8502799","NAIN",1999,2026
"FWI","04-23",2001-04-23,NA,NA,NA,NA,NA,72.4,2010-09-23,NA,4,"Daily record reached in NA","8502799","NAIN",1999,2026
"FWI","04-24",2001-04-24,NA,NA,NA,NA,NA,72.4,2010-09-23,NA,4,"Daily record reached in NA","8502799","NAIN",1999,2026
"FWI","04-25",2001-04-25,NA,NA,NA,NA,NA,72.4,2010-09-23,NA,4,"Daily record reached in NA","8502799","NAIN",1999,2026
"FWI","04-26",2001-04-26,NA,NA,NA,NA,NA,72.4,2010-09-23,NA,4,"Daily record reached in NA","8502799","NAIN",1999,2026
"FWI","04-27",2001-04-27,NA,NA,NA,NA,NA,72.4,2010-09-23,NA,4,"Daily record reached in NA","8502799","NAIN",1999,2026
"FWI","04-28",2001-04-28,NA,NA,NA,NA,NA,72.4,2010-09-23,NA,4,"Daily record reached in NA","8502799","NAIN",1999,2026
"FWI","04-29",2001-04-29,NA,NA,NA,NA,NA,72.4,2010-09-23,NA,4,"Daily record reached in NA","8502799","NAIN",1999,2026
"FWI","04-30",2001-04-30,NA,NA,NA,NA,NA,72.4,2010-09-23,NA,4,"Daily record reached in NA","8502799","NAIN",1999,2026
"FWI","05-01",2001-05-01,NA,NA,NA,NA,NA,72.4,2010-09-23,NA,5,"Daily record reached in NA","8502799","NAIN",1999,2026
"FWI","05-02",2001-05-02,NA,NA,NA,NA,NA,72.4,2010-09-23,NA,5,"Daily record reached in NA","8502799","NAIN",1999,2026
"FWI","05-03",2001-05-03,NA,NA,NA,NA,NA,72.4,2010-09-23,NA,5,"Daily record reached in NA","8502799","NAIN",1999,2026
"FWI","05-04",2001-05-04,NA,NA,NA,NA,NA,72.4,2010-09-23,NA,5,"Daily record reached in NA","8502799","NAIN",1999,2026
"FWI","05-05",2001-05-05,NA,NA,NA,NA,NA,72.4,2010-09-23,NA,5,"Daily record reached in NA","8502799","NAIN",1999,2026
"FWI","05-06",2001-05-06,NA,NA,NA,NA,NA,72.4,2010-09-23,NA,5,"Daily record reached in NA","8502799","NAIN",1999,2026
"FWI","05-07",2001-05-07,NA,NA,NA,NA,NA,72.4,2010-09-23,NA,5,"Daily record reached in NA","8502799","NAIN",1999,2026
"FWI","05-08",2001-05-08,NA,NA,NA,NA,NA,72.4,2010-09-23,NA,5,"Daily record reached in NA","8502799","NAIN",1999,2026
"FWI","05-09",2001-05-09,NA,NA,NA,NA,NA,72.4,2010-09-23,NA,5,"Daily record reached in NA","8502799","NAIN",1999,2026
"FWI","05-10",2001-05-10,NA,NA,NA,NA,NA,72.4,2010-09-23,NA,5,"Daily record reached in NA","8502799","NAIN",1999,2026
"FWI","05-11",2001-05-11,3,NA,3,2005-05-11,NA,72.4,2010-09-23,NA,5,"Daily record reached in 2005","8502799","NAIN",1999,2026
"FWI","05-12",2001-05-12,3.1,NA,3.1,2006-05-12,NA,72.4,2010-09-23,NA,5,"Daily record reached in 2006","8502799","NAIN",1999,2026
"FWI","05-13",2001-05-13,6.6,NA,6.6,2006-05-13,NA,72.4,2010-09-23,NA,5,"Daily record reached in 2006","8502799","NAIN",1999,2026
"FWI","05-14",2001-05-14,6.1,NA,6.1,2006-05-14,NA,72.4,2010-09-23,NA,5,"Daily record reached in 2006","8502799","NAIN",1999,2026
"FWI","05-15",2001-05-15,2,NA,2,2006-05-15,NA,72.4,2010-09-23,NA,5,"Daily record reached in 2006","8502799","NAIN",1999,2026
"FWI","05-16",2001-05-16,2.7,NA,2.7,2006-05-16,NA,72.4,2010-09-23,NA,5,"Daily record reached in 2006","8502799","NAIN",1999,2026
"FWI","05-17",2001-05-17,4.4,NA,4.4,2006-05-17,NA,72.4,2010-09-23,NA,5,"Daily record reached in 2006","8502799","NAIN",1999,2026
"FWI","05-18",2001-05-18,2.8,NA,2.8,2006-05-18,NA,72.4,2010-09-23,NA,5,"Daily record reached in 2006","8502799","NAIN",1999,2026
"FWI","05-19",2001-05-19,NA,NA,NA,NA,NA,72.4,2010-09-23,NA,5,"Daily record reached in NA","8502799","NAIN",1999,2026
"FWI","05-20",2001-05-20,NA,NA,NA,NA,NA,72.4,2010-09-23,NA,5,"Daily record reached in NA","8502799","NAIN",1999,2026
"FWI","05-21",2001-05-21,NA,NA,NA,NA,NA,72.4,2010-09-23,NA,5,"Daily record reached in NA","8502799","NAIN",1999,2026
"FWI","05-22",2001-05-22,NA,NA,NA,NA,NA,72.4,2010-09-23,NA,5,"Daily record reached in NA","8502799","NAIN",1999,2026
"FWI","05-23",2001-05-23,1.96666666666667,3.06648550189518,5.5,2016-05-23,NA,72.4,2010-09-23,NA,5,"Daily record reached in 2016","8502799","NAIN",1999,2026
"FWI","05-24",2001-05-24,0.933333333333333,0.55075705472861,1.5,2006-05-24,NA,72.4,2010-09-23,NA,5,"Daily record reached in 2006","8502799","NAIN",1999,2026
"FWI","05-25",2001-05-25,2.03333333333333,1.83393929379719,4.1,2006-05-25,NA,72.4,2010-09-23,NA,5,"Daily record reached in 2006","8502799","NAIN",1999,2026
"FWI","05-26",2001-05-26,2.4,1.47309198626562,3.7,2006-05-26,NA,72.4,2010-09-23,NA,5,"Daily record reached in 2006","8502799","NAIN",1999,2026
"FWI","05-27",2001-05-27,3.06666666666667,2.97040962382856,6.4,2016-05-27,NA,72.4,2010-09-23,NA,5,"Daily record reached in 2016","8502799","NAIN",1999,2026
"FWI","05-28",2001-05-28,4.16666666666667,2.1221058723196,5.9,2006-05-28,NA,72.4,2010-09-23,NA,5,"Daily record reached in 2006","8502799","NAIN",1999,2026
"FWI","05-29",2001-05-29,4.4,3.00499584026334,7.5,2006-05-29,NA,72.4,2010-09-23,NA,5,"Daily record reached in 2006","8502799","NAIN",1999,2026
"FWI","05-30",2001-05-30,7.63333333333333,5.37246064046386,11.9,2006-05-30,NA,72.4,2010-09-23,NA,5,"Daily record reached in 2006","8502799","NAIN",1999,2026
"FWI","05-31",2001-05-31,10.2333333333333,5.45007645206316,14.1,2006-05-31,NA,72.4,2010-09-23,NA,5,"Daily record reached in 2006","8502799","NAIN",1999,2026
"FWI","06-01",2001-06-01,16.75,3.88908729652601,19.5,2005-06-01,NA,72.4,2010-09-23,NA,6,"Daily record reached in 2005","8502799","NAIN",1999,2026
"FWI","06-02",2001-06-02,17.8,11.8709730014014,27.6,2006-06-02,NA,72.4,2010-09-23,NA,6,"Daily record reached in 2006","8502799","NAIN",1999,2026
"FWI","06-03",2001-06-03,16.3666666666667,10.0540207545704,24.7,2005-06-03,NA,72.4,2010-09-23,NA,6,"Daily record reached in 2005","8502799","NAIN",1999,2026
"FWI","06-04",2001-06-04,7.925,4.15962738715861,12.9,2006-06-04,NA,72.4,2010-09-23,NA,6,"Daily record reached in 2006","8502799","NAIN",1999,2026
"FWI","06-05",2001-06-05,7.53333333333333,9.03898961905219,17.9,2005-06-05,9.7,72.4,2010-09-23,NA,6,"Daily record reached in 2005","8502799","NAIN",1999,2026
"FWI","06-06",2001-06-06,4.9,3.35261092284804,11.4,2026-06-06,11.4,72.4,2010-09-23,NA,6,"Daily record reached in 2026","8502799","NAIN",1999,2026
"FWI","06-07",2001-06-07,5.7,4.822862220715,11.9,2006-06-07,7.8,72.4,2010-09-23,NA,6,"Daily record reached in 2006","8502799","NAIN",1999,2026
"FWI","06-08",2001-06-08,6.6,6.24339651151519,14.5,2006-06-08,7.9,72.4,2010-09-23,NA,6,"Daily record reached in 2006","8502799","NAIN",1999,2026
"FWI","06-09",2001-06-09,13.14,10.7530460800649,24,2006-06-09,11.3,72.4,2010-09-23,NA,6,"Daily record reached in 2006","8502799","NAIN",1999,2026
"FWI","06-10",2001-06-10,6.22,6.90268063870841,14.7,2006-06-10,6.7,72.4,2010-09-23,NA,6,"Daily record reached in 2006","8502799","NAIN",1999,2026
"FWI","06-11",2001-06-11,8.71666666666667,11.1026873623761,29.5,2017-06-11,6.9,72.4,2010-09-23,NA,6,"Daily record reached in 2017","8502799","NAIN",1999,2026
"FWI","06-12",2001-06-12,3.56666666666667,4.34311716013587,11.2,2005-06-12,4.3,72.4,2010-09-23,NA,6,"Daily record reached in 2005","8502799","NAIN",1999,2026
"FWI","06-13",2001-06-13,8.78333333333333,12.6818636905885,33.6,2006-06-13,8.3,72.4,2010-09-23,NA,6,"Daily record reached in 2006","8502799","NAIN",1999,2026
"FWI","06-14",2001-06-14,7.9375,11.6078714057069,33.1,2006-06-14,9.8,72.4,2010-09-23,NA,6,"Daily record reached in 2006","8502799","NAIN",1999,2026
"FWI","06-15",2001-06-15,5.475,7.45170162733702,22.1,2007-06-15,NA,72.4,2010-09-23,NA,6,"Daily record reached in 2007","8502799","NAIN",1999,2026
"FWI","06-16",2001-06-16,5.82857142857143,4.33078679753625,11.4,2012-06-16,NA,72.4,2010-09-23,NA,6,"Daily record reached in 2012","8502799","NAIN",1999,2026
"FWI","06-17",2001-06-17,4.28888888888889,3.8757078206582,12.7,2012-06-17,NA,72.4,2010-09-23,NA,6,"Daily record reached in 2012","8502799","NAIN",1999,2026
"FWI","06-18",2001-06-18,3.62,4.55211794418574,12.2,2005-06-18,NA,72.4,2010-09-23,NA,6,"Daily record reached in 2005","8502799","NAIN",1999,2026
"FWI","06-19",2001-06-19,6.71818181818182,8.37267199665891,26.7,2005-06-19,NA,72.4,2010-09-23,NA,6,"Daily record reached in 2005","8502799","NAIN",1999,2026
"FWI","06-20",2001-06-20,2.71818181818182,2.90028211793894,9.3,2012-06-20,NA,72.4,2010-09-23,NA,6,"Daily record reached in 2012","8502799","NAIN",1999,2026
"FWI","06-21",2001-06-21,5.99090909090909,5.93606848772056,17.9,2013-06-21,NA,72.4,2010-09-23,NA,6,"Daily record reached in 2013","8502799","NAIN",1999,2026
"FWI","06-22",2001-06-22,5.21666666666667,5.22682475023766,14.5,2013-06-22,NA,72.4,2010-09-23,NA,6,"Daily record reached in 2013","8502799","NAIN",1999,2026
"FWI","06-23",2001-06-23,3.85384615384615,7.08409196540806,23.3,2006-06-23,NA,72.4,2010-09-23,NA,6,"Daily record reached in 2006","8502799","NAIN",1999,2026
"FWI","06-24",2001-06-24,5.55384615384615,8.93957636809629,27.6,2013-06-24,NA,72.4,2010-09-23,NA,6,"Daily record reached in 2013","8502799","NAIN",1999,2026
"FWI","06-25",2001-06-25,4.55714285714286,7.56680140591013,27.1,2006-06-25,NA,72.4,2010-09-23,NA,6,"Daily record reached in 2006","8502799","NAIN",1999,2026
"FWI","06-26",2001-06-26,5.73571428571429,8.53541104799539,31.7,2006-06-26,NA,72.4,2010-09-23,NA,6,"Daily record reached in 2006","8502799","NAIN",1999,2026
"FWI","06-27",2001-06-27,4.13333333333333,4.70693510633385,14.9,2006-06-27,NA,72.4,2010-09-23,NA,6,"Daily record reached in 2006","8502799","NAIN",1999,2026
"FWI","06-28",2001-06-28,5.68666666666667,10.5382206865341,39.2,2014-06-28,NA,72.4,2010-09-23,NA,6,"Daily record reached in 2014","8502799","NAIN",1999,2026
"FWI","06-29",2001-06-29,4.00666666666667,4.91040683020208,13.3,2006-06-29,NA,72.4,2010-09-23,NA,6,"Daily record reached in 2006","8502799","NAIN",1999,2026
"FWI","06-30",2001-06-30,5.79333333333333,9.8217300386633,35.1,2018-06-30,NA,72.4,2010-09-23,NA,6,"Daily record reached in 2018","8502799","NAIN",1999,2026
"FWI","07-01",2001-07-01,3.0375,6.97499103942077,28.1,2018-07-01,NA,72.4,2010-09-23,NA,7,"Daily record reached in 2018","8502799","NAIN",1999,2026
"FWI","07-02",2001-07-02,2.55294117647059,3.24944565408064,8.9,2002-07-02,NA,72.4,2010-09-23,NA,7,"Daily record reached in 2002","8502799","NAIN",1999,2026
"FWI","07-03",2001-07-03,2.22941176470588,4.06167525564919,15.3,2013-07-03,NA,72.4,2010-09-23,NA,7,"Daily record reached in 2013","8502799","NAIN",1999,2026
"FWI","07-04",2001-07-04,1.85882352941176,3.92715845483879,15.6,2004-07-04,NA,72.4,2010-09-23,NA,7,"Daily record reached in 2004","8502799","NAIN",1999,2026
"FWI","07-05",2001-07-05,1.60588235294118,2.40532497498656,8.2,2017-07-05,NA,72.4,2010-09-23,NA,7,"Daily record reached in 2017","8502799","NAIN",1999,2026
"FWI","07-06",2001-07-06,2.23888888888889,3.63465976866982,13.2,2020-07-06,NA,72.4,2010-09-23,NA,7,"Daily record reached in 2020","8502799","NAIN",1999,2026
"FWI","07-07",2001-07-07,2.26666666666667,3.93760153930701,13,2006-07-07,NA,72.4,2010-09-23,NA,7,"Daily record reached in 2006","8502799","NAIN",1999,2026
"FWI","07-08",2001-07-08,2.01111111111111,2.91040504334704,27.7,2025-07-08,NA,72.4,2010-09-23,NA,7,"Daily record reached in 2025","8502799","NAIN",1999,2026
"FWI","07-09",2001-07-09,2.52631578947368,2.51149404522115,10.1,2025-07-09,NA,72.4,2010-09-23,NA,7,"Daily record reached in 2025","8502799","NAIN",1999,2026
"FWI","07-10",2001-07-10,2.725,5.84203236085381,24.4,2006-07-10,NA,72.4,2010-09-23,NA,7,"Daily record reached in 2006","8502799","NAIN",1999,2026
"FWI","07-11",2001-07-11,2.37368421052632,3.68794464065211,21.3,2025-07-11,NA,72.4,2010-09-23,NA,7,"Daily record reached in 2025","8502799","NAIN",1999,2026
"FWI","07-12",2001-07-12,1.44736842105263,2.47057537631591,38,2025-07-12,NA,72.4,2010-09-23,NA,7,"Daily record reached in 2025","8502799","NAIN",1999,2026
"FWI","07-13",2001-07-13,2.865,4.34829367622943,16.6,2006-07-13,NA,72.4,2010-09-23,NA,7,"Daily record reached in 2006","8502799","NAIN",1999,2026
"FWI","07-14",2001-07-14,2.53,3.26804303263557,10.9,2018-07-14,NA,72.4,2010-09-23,NA,7,"Daily record reached in 2018","8502799","NAIN",1999,2026
"FWI","07-15",2001-07-15,5.38,7.73907379199183,27.9,2025-07-15,NA,72.4,2010-09-23,NA,7,"Daily record reached in 2025","8502799","NAIN",1999,2026
"FWI","07-16",2001-07-16,4.685,6.24628521181737,18.4,2018-07-16,NA,72.4,2010-09-23,NA,7,"Daily record reached in 2018","8502799","NAIN",1999,2026
"FWI","07-17",2001-07-17,5.31,8.60433795122828,35.5,2017-07-17,NA,72.4,2010-09-23,NA,7,"Daily record reached in 2017","8502799","NAIN",1999,2026
"FWI","07-18",2001-07-18,5.07,7.53553686139705,25.9,2017-07-18,NA,72.4,2010-09-23,NA,7,"Daily record reached in 2017","8502799","NAIN",1999,2026
"FWI","07-19",2001-07-19,2.185,2.88576816371947,9.1,2017-07-19,NA,72.4,2010-09-23,NA,7,"Daily record reached in 2017","8502799","NAIN",1999,2026
"FWI","07-20",2001-07-20,2.435,2.9068476323837,9,2006-07-20,NA,72.4,2010-09-23,NA,7,"Daily record reached in 2006","8502799","NAIN",1999,2026
"FWI","07-21",2001-07-21,3.045,4.4455151853478,11.8,2018-07-21,NA,72.4,2010-09-23,NA,7,"Daily record reached in 2018","8502799","NAIN",1999,2026
"FWI","07-22",2001-07-22,2.995,5.12449997560738,15.9,2011-07-22,NA,72.4,2010-09-23,NA,7,"Daily record reached in 2011","8502799","NAIN",1999,2026
"FWI","07-23",2001-07-23,2.685,5.20771441936712,19.7,2011-07-23,NA,72.4,2010-09-23,NA,7,"Daily record reached in 2011","8502799","NAIN",1999,2026
"FWI","07-24",2001-07-24,5.395,9.24636343878529,31.9,2011-07-24,NA,72.4,2010-09-23,NA,7,"Daily record reached in 2011","8502799","NAIN",1999,2026
"FWI","07-25",2001-07-25,4.615,6.90417684410943,21.8,2011-07-25,NA,72.4,2010-09-23,NA,7,"Daily record reached in 2011","8502799","NAIN",1999,2026
"FWI","07-26",2001-07-26,4.83,7.07033089376787,22.2,2000-07-26,NA,72.4,2010-09-23,NA,7,"Daily record reached in 2000","8502799","NAIN",1999,2026
"FWI","07-27",2001-07-27,5.085,8.69726363500855,35.7,2000-07-27,NA,72.4,2010-09-23,NA,7,"Daily record reached in 2000","8502799","NAIN",1999,2026
"FWI","07-28",2001-07-28,3.69,6.52758519063923,27.8,2000-07-28,NA,72.4,2010-09-23,NA,7,"Daily record reached in 2000","8502799","NAIN",1999,2026
"FWI","07-29",2001-07-29,3.345,5.65568879885321,19.9,2000-07-29,NA,72.4,2010-09-23,NA,7,"Daily record reached in 2000","8502799","NAIN",1999,2026
"FWI","07-30",2001-07-30,3.505,7.42715324085601,33.2,2000-07-30,NA,72.4,2010-09-23,NA,7,"Daily record reached in 2000","8502799","NAIN",1999,2026
"FWI","07-31",2001-07-31,4.925,10.0268521061146,43.6,2000-07-31,NA,72.4,2010-09-23,NA,7,"Daily record reached in 2000","8502799","NAIN",1999,2026
"FWI","08-01",2001-08-01,4.13,7.91468322337134,31.6,2000-08-01,NA,72.4,2010-09-23,NA,8,"Daily record reached in 2000","8502799","NAIN",1999,2026
"FWI","08-02",2001-08-02,2.69,4.11772803989364,12.7,2020-08-02,NA,72.4,2010-09-23,NA,8,"Daily record reached in 2020","8502799","NAIN",1999,2026
"FWI","08-03",2001-08-03,1.5,2.16820458239326,6.2,2000-08-03,NA,72.4,2010-09-23,NA,8,"Daily record reached in 2000","8502799","NAIN",1999,2026
"FWI","08-04",2001-08-04,2.295,3.53991897022933,12.8,2003-08-04,NA,72.4,2010-09-23,NA,8,"Daily record reached in 2003","8502799","NAIN",1999,2026
"FWI","08-05",2001-08-05,3.155,4.90386260217929,16.7,2007-08-05,NA,72.4,2010-09-23,NA,8,"Daily record reached in 2007","8502799","NAIN",1999,2026
"FWI","08-06",2001-08-06,2.695,3.84426777642272,10.4,2007-08-06,NA,72.4,2010-09-23,NA,8,"Daily record reached in 2007","8502799","NAIN",1999,2026
"FWI","08-07",2001-08-07,1.84,3.5134927890843,12.5,2007-08-07,NA,72.4,2010-09-23,NA,8,"Daily record reached in 2007","8502799","NAIN",1999,2026
"FWI","08-08",2001-08-08,2.47894736842105,4.40902848298156,15.9,2007-08-08,NA,72.4,2010-09-23,NA,8,"Daily record reached in 2007","8502799","NAIN",1999,2026
"FWI","08-09",2001-08-09,2.535,4.08131493258574,14.5,2006-08-09,NA,72.4,2010-09-23,NA,8,"Daily record reached in 2006","8502799","NAIN",1999,2026
"FWI","08-10",2001-08-10,2.835,4.53887013531596,12.9,2012-08-10,NA,72.4,2010-09-23,NA,8,"Daily record reached in 2012","8502799","NAIN",1999,2026
"FWI","08-11",2001-08-11,3.905,6.48321517052831,22.3,2003-08-11,NA,72.4,2010-09-23,NA,8,"Daily record reached in 2003","8502799","NAIN",1999,2026
"FWI","08-12",2001-08-12,2.89,5.68450340376083,23.9,2003-08-12,NA,72.4,2010-09-23,NA,8,"Daily record reached in 2003","8502799","NAIN",1999,2026
"FWI","08-13",2001-08-13,1.71,3.25817191236532,14.3,2018-08-13,NA,72.4,2010-09-23,NA,8,"Daily record reached in 2018","8502799","NAIN",1999,2026
"FWI","08-14",2001-08-14,3.64,4.58744281478771,18.1,2000-08-14,NA,72.4,2010-09-23,NA,8,"Daily record reached in 2000","8502799","NAIN",1999,2026
"FWI","08-15",2001-08-15,4.43684210526316,6.27288791602541,22.6,2000-08-15,NA,72.4,2010-09-23,NA,8,"Daily record reached in 2000","8502799","NAIN",1999,2026
"FWI","08-16",2001-08-16,5.18,5.85217908133372,19.1,2003-08-16,NA,72.4,2010-09-23,NA,8,"Daily record reached in 2003","8502799","NAIN",1999,2026
"FWI","08-17",2001-08-17,2.9,3.40061913867398,13.8,2013-08-17,NA,72.4,2010-09-23,NA,8,"Daily record reached in 2013","8502799","NAIN",1999,2026
"FWI","08-18",2001-08-18,3.28,4.44197680033753,18.3,2018-08-18,NA,72.4,2010-09-23,NA,8,"Daily record reached in 2018","8502799","NAIN",1999,2026
"FWI","08-19",2001-08-19,4.975,7.92974911662605,27.3,2003-08-19,NA,72.4,2010-09-23,NA,8,"Daily record reached in 2003","8502799","NAIN",1999,2026
"FWI","08-20",2001-08-20,5.12,7.52718581647813,23.9,2003-08-20,NA,72.4,2010-09-23,NA,8,"Daily record reached in 2003","8502799","NAIN",1999,2026
"FWI","08-21",2001-08-21,4.11052631578947,7.20253772691281,28.1,2000-08-21,NA,72.4,2010-09-23,NA,8,"Daily record reached in 2000","8502799","NAIN",1999,2026
"FWI","08-22",2001-08-22,2.705,3.72777272291166,10.7,2008-08-22,NA,72.4,2010-09-23,NA,8,"Daily record reached in 2008","8502799","NAIN",1999,2026
"FWI","08-23",2001-08-23,3.02,5.41329746768864,21.7,2001-08-23,NA,72.4,2010-09-23,NA,8,"Daily record reached in 2001","8502799","NAIN",1999,2026
"FWI","08-24",2001-08-24,4.035,5.2448746911929,16.3,2009-08-24,NA,72.4,2010-09-23,NA,8,"Daily record reached in 2009","8502799","NAIN",1999,2026
"FWI","08-25",2001-08-25,3.28421052631579,5.12122632426331,20,2005-08-25,NA,72.4,2010-09-23,NA,8,"Daily record reached in 2005","8502799","NAIN",1999,2026
"FWI","08-26",2001-08-26,1.395,1.73401724024696,5.8,2005-08-26,NA,72.4,2010-09-23,NA,8,"Daily record reached in 2005","8502799","NAIN",1999,2026
"FWI","08-27",2001-08-27,2.03,3.17607834982239,10.3,2019-08-27,NA,72.4,2010-09-23,NA,8,"Daily record reached in 2019","8502799","NAIN",1999,2026
"FWI","08-28",2001-08-28,3.14,4.86819971047333,18.1,2017-08-28,NA,72.4,2010-09-23,NA,8,"Daily record reached in 2017","8502799","NAIN",1999,2026
"FWI","08-29",2001-08-29,3.01052631578947,3.11589023070848,11.5,2017-08-29,NA,72.4,2010-09-23,NA,8,"Daily record reached in 2017","8502799","NAIN",1999,2026
"FWI","08-30",2001-08-30,4.52,5.67650745107458,17,2010-08-30,NA,72.4,2010-09-23,NA,8,"Daily record reached in 2010","8502799","NAIN",1999,2026
"FWI","08-31",2001-08-31,4.55,4.7943497446144,16.4,2014-08-31,NA,72.4,2010-09-23,NA,8,"Daily record reached in 2014","8502799","NAIN",1999,2026
"FWI","09-01",2001-09-01,3.745,5.40511210263999,18.2,2019-09-01,NA,72.4,2010-09-23,NA,9,"Daily record reached in 2019","8502799","NAIN",1999,2026
"FWI","09-02",2001-09-02,5.74,7.19673902761375,28.5,2018-09-02,NA,72.4,2010-09-23,NA,9,"Daily record reached in 2018","8502799","NAIN",1999,2026
"FWI","09-03",2001-09-03,4.26,4.13564734320619,14.5,2011-09-03,NA,72.4,2010-09-23,NA,9,"Daily record reached in 2011","8502799","NAIN",1999,2026
"FWI","09-04",2001-09-04,4.29,6.35302663054556,21.9,2014-09-04,NA,72.4,2010-09-23,NA,9,"Daily record reached in 2014","8502799","NAIN",1999,2026
"FWI","09-05",2001-09-05,4.505,6.20165300544943,25.4,2016-09-05,NA,72.4,2010-09-23,NA,9,"Daily record reached in 2016","8502799","NAIN",1999,2026
"FWI","09-06",2001-09-06,4.46,6.31651136225319,21.6,2016-09-06,NA,72.4,2010-09-23,NA,9,"Daily record reached in 2016","8502799","NAIN",1999,2026
"FWI","09-07",2001-09-07,4,5.86200971465732,22,2006-09-07,NA,72.4,2010-09-23,NA,9,"Daily record reached in 2006","8502799","NAIN",1999,2026
"FWI","09-08",2001-09-08,4.05,5.65941228118442,24.1,2011-09-08,NA,72.4,2010-09-23,NA,9,"Daily record reached in 2011","8502799","NAIN",1999,2026
"FWI","09-09",2001-09-09,3.3,3.41806347143186,13,2004-09-09,NA,72.4,2010-09-23,NA,9,"Daily record reached in 2004","8502799","NAIN",1999,2026
"FWI","09-10",2001-09-10,4.54444444444444,5.91908401321991,23.2,2011-09-10,NA,72.4,2010-09-23,NA,9,"Daily record reached in 2011","8502799","NAIN",1999,2026
"FWI","09-11",2001-09-11,4.56111111111111,5.54172821726101,20.4,2009-09-11,NA,72.4,2010-09-23,NA,9,"Daily record reached in 2009","8502799","NAIN",1999,2026
"FWI","09-12",2001-09-12,3.96315789473684,4.67477991476198,16.2,2006-09-12,NA,72.4,2010-09-23,NA,9,"Daily record reached in 2006","8502799","NAIN",1999,2026
"FWI","09-13",2001-09-13,4.9421052631579,6.8403472775286,22.5,2012-09-13,NA,72.4,2010-09-23,NA,9,"Daily record reached in 2012","8502799","NAIN",1999,2026
"FWI","09-14",2001-09-14,3.985,6.75833014255663,28.9,2012-09-14,NA,72.4,2010-09-23,NA,9,"Daily record reached in 2012","8502799","NAIN",1999,2026
"FWI","09-15",2001-09-15,2.7,3.60365311725112,15,2005-09-15,NA,72.4,2010-09-23,NA,9,"Daily record reached in 2005","8502799","NAIN",1999,2026
"FWI","09-16",2001-09-16,2.71,3.94540372158741,13.8,2017-09-16,NA,72.4,2010-09-23,NA,9,"Daily record reached in 2017","8502799","NAIN",1999,2026
"FWI","09-17",2001-09-17,2.315,3.22706889982388,10.5,2017-09-17,NA,72.4,2010-09-23,NA,9,"Daily record reached in 2017","8502799","NAIN",1999,2026
"FWI","09-18",2001-09-18,3.24736842105263,3.44034372007808,11.4,2013-09-18,NA,72.4,2010-09-23,NA,9,"Daily record reached in 2013","8502799","NAIN",1999,2026
"FWI","09-19",2001-09-19,3.57368421052632,4.27003019834015,14.8,2008-09-19,NA,72.4,2010-09-23,NA,9,"Daily record reached in 2008","8502799","NAIN",1999,2026
"FWI","09-20",2001-09-20,3.16315789473684,2.68021776194808,8,2020-09-20,NA,72.4,2010-09-23,NA,9,"Daily record reached in 2020","8502799","NAIN",1999,2026
"FWI","09-21",2001-09-21,4.39,5.36105841867266,17.2,2008-09-21,NA,72.4,2010-09-23,NA,9,"Daily record reached in 2008","8502799","NAIN",1999,2026
"FWI","09-22",2001-09-22,4.045,7.46447551652774,29.3,2010-09-22,NA,72.4,2010-09-23,NA,9,"Daily record reached in 2010","8502799","NAIN",1999,2026
"FWI","09-23",2001-09-23,6.67368421052632,16.3512433134223,72.4,2010-09-23,NA,72.4,2010-09-23,NA,9,"Daily record reached in 2010","8502799","NAIN",1999,2026
"FWI","09-24",2001-09-24,4.20526315789474,6.4480379172626,21.6,2018-09-24,NA,72.4,2010-09-23,NA,9,"Daily record reached in 2018","8502799","NAIN",1999,2026
"FWI","09-25",2001-09-25,5.05263157894737,7.75065362269192,27.5,2010-09-25,NA,72.4,2010-09-23,NA,9,"Daily record reached in 2010","8502799","NAIN",1999,2026
"FWI","09-26",2001-09-26,4.71578947368421,5.8107432263098,24.4,2010-09-26,NA,72.4,2010-09-23,NA,9,"Daily record reached in 2010","8502799","NAIN",1999,2026
"FWI","09-27",2001-09-27,4.9,8.19383236885457,33.5,2010-09-27,NA,72.4,2010-09-23,NA,9,"Daily record reached in 2010","8502799","NAIN",1999,2026
"FWI","09-28",2001-09-28,4.21052631578947,6.09324714899317,23.3,2010-09-28,NA,72.4,2010-09-23,NA,9,"Daily record reached in 2010","8502799","NAIN",1999,2026
"FWI","09-29",2001-09-29,5.46315789473684,8.22389543588383,27.2,2016-09-29,NA,72.4,2010-09-23,NA,9,"Daily record reached in 2016","8502799","NAIN",1999,2026
"FWI","09-30",2001-09-30,3.395,5.951954566182,19.3,2016-09-30,NA,72.4,2010-09-23,NA,9,"Daily record reached in 2016","8502799","NAIN",1999,2026
"FWI","10-01",2001-10-01,3.49411764705882,5.8399989927477,19.9,2016-10-01,NA,72.4,2010-09-23,NA,10,"Daily record reached in 2016","8502799","NAIN",1999,2026
"FWI","10-02",2001-10-02,2.24285714285714,3.81005032991475,12.4,2016-10-02,NA,72.4,2010-09-23,NA,10,"Daily record reached in 2016","8502799","NAIN",1999,2026
"FWI","10-03",2001-10-03,3.00666666666667,4.42339021027774,16.7,2016-10-03,NA,72.4,2010-09-23,NA,10,"Daily record reached in 2016","8502799","NAIN",1999,2026
"FWI","10-04",2001-10-04,3.55625,4.07773936554721,10,2006-10-04,NA,72.4,2010-09-23,NA,10,"Daily record reached in 2006","8502799","NAIN",1999,2026
"FWI","10-05",2001-10-05,5.28125,7.84816061252571,27.8,2006-10-05,NA,72.4,2010-09-23,NA,10,"Daily record reached in 2006","8502799","NAIN",1999,2026
"FWI","10-06",2001-10-06,4.1,3.93113802274178,11.7,2006-10-06,NA,72.4,2010-09-23,NA,10,"Daily record reached in 2006","8502799","NAIN",1999,2026
"FWI","10-07",2001-10-07,5.00769230769231,4.87604032292282,14.6,2018-10-07,NA,72.4,2010-09-23,NA,10,"Daily record reached in 2018","8502799","NAIN",1999,2026
"FWI","10-08",2001-10-08,7.04,8.14919218900459,19,2018-10-08,NA,72.4,2010-09-23,NA,10,"Daily record reached in 2018","8502799","NAIN",1999,2026
"FWI","10-09",2001-10-09,4.1,6.40962817434314,23.7,2013-10-09,NA,72.4,2010-09-23,NA,10,"Daily record reached in 2013","8502799","NAIN",1999,2026
"FWI","10-10",2001-10-10,2.75384615384615,4.72116076557016,15.8,2013-10-10,NA,72.4,2010-09-23,NA,10,"Daily record reached in 2013","8502799","NAIN",1999,2026
"FWI","10-11",2001-10-11,2.57333333333333,3.4484917338012,12.2,2013-10-11,NA,72.4,2010-09-23,NA,10,"Daily record reached in 2013","8502799","NAIN",1999,2026
"FWI","10-12",2001-10-12,2.48461538461538,3.84747669558594,10.9,2019-10-12,NA,72.4,2010-09-23,NA,10,"Daily record reached in 2019","8502799","NAIN",1999,2026
"FWI","10-13",2001-10-13,2.7125,3.59942124977521,12.2,2005-10-13,NA,72.4,2010-09-23,NA,10,"Daily record reached in 2005","8502799","NAIN",1999,2026
"FWI","10-14",2001-10-14,1.80714285714286,2.72409880248758,9.3,2013-10-14,NA,72.4,2010-09-23,NA,10,"Daily record reached in 2013","8502799","NAIN",1999,2026
"FWI","10-15",2001-10-15,1.75833333333333,2.96324709285833,10.4,2013-10-15,NA,72.4,2010-09-23,NA,10,"Daily record reached in 2013","8502799","NAIN",1999,2026
"FWI","10-16",2001-10-16,2.75,3.85436260763192,9.5,2007-10-16,NA,72.4,2010-09-23,NA,10,"Daily record reached in 2007","8502799","NAIN",1999,2026
"FWI","10-17",2001-10-17,2.225,5.1867275672762,15,2007-10-17,NA,72.4,2010-09-23,NA,10,"Daily record reached in 2007","8502799","NAIN",1999,2026
"FWI","10-18",2001-10-18,1.13636363636364,3.12386706736145,10.5,2007-10-18,NA,72.4,2010-09-23,NA,10,"Daily record reached in 2007","8502799","NAIN",1999,2026
"FWI","10-19",2001-10-19,0.563636363636364,1.00724647159742,3.1,2009-10-19,NA,72.4,2010-09-23,NA,10,"Daily record reached in 2009","8502799","NAIN",1999,2026
"FWI","10-20",2001-10-20,0.49,0.918271322770249,3,2007-10-20,NA,72.4,2010-09-23,NA,10,"Daily record reached in 2007","8502799","NAIN",1999,2026
"FWI","10-21",2001-10-21,0.175,0.218762754730194,0.6,2011-10-21,NA,72.4,2010-09-23,NA,10,"Daily record reached in 2011","8502799","NAIN",1999,2026
"FWI","10-22",2001-10-22,0.25,0.242899156029822,0.5,2003-10-22,NA,72.4,2010-09-23,NA,10,"Daily record reached in 2003","8502799","NAIN",1999,2026
"FWI","10-23",2001-10-23,0.7375,1.29828183160888,3.9,2011-10-23,NA,72.4,2010-09-23,NA,10,"Daily record reached in 2011","8502799","NAIN",1999,2026
"FWI","10-24",2001-10-24,0.7625,1.15874007932261,3.5,2011-10-24,NA,72.4,2010-09-23,NA,10,"Daily record reached in 2011","8502799","NAIN",1999,2026
"FWI","10-25",2001-10-25,0.611111111111111,0.590432986130612,2.1,2004-10-25,NA,72.4,2010-09-23,NA,10,"Daily record reached in 2004","8502799","NAIN",1999,2026
"FWI","10-26",2001-10-26,0.957142857142857,1.41404519359312,3.8,2004-10-26,NA,72.4,2010-09-23,NA,10,"Daily record reached in 2004","8502799","NAIN",1999,2026
"FWI","10-27",2001-10-27,1.3,2.26126808081955,6.4,2004-10-27,NA,72.4,2010-09-23,NA,10,"Daily record reached in 2004","8502799","NAIN",1999,2026
"FWI","10-28",2001-10-28,2.95,4.41032878592968,9.8,2004-10-28,NA,72.4,2010-09-23,NA,10,"Daily record reached in 2004","8502799","NAIN",1999,2026
"FWI","10-29",2001-10-29,0.433333333333333,0.378593889720018,0.7,2005-10-29,NA,72.4,2010-09-23,NA,10,"Daily record reached in 2005","8502799","NAIN",1999,2026
"FWI","10-30",2001-10-30,2.125,2.29691822521685,4.4,2004-10-30,NA,72.4,2010-09-23,NA,10,"Daily record reached in 2004","8502799","NAIN",1999,2026
"FWI","10-31",2001-10-31,1.46666666666667,2.36924741918891,4.2,2004-10-31,NA,72.4,2010-09-23,NA,10,"Daily record reached in 2004","8502799","NAIN",1999,2026
"ISI","04-01",2001-04-01,NA,NA,NA,NA,NA,83.5,2010-09-23,NA,4,"Daily record reached in NA","8502799","NAIN",1999,2026
"ISI","04-02",2001-04-02,NA,NA,NA,NA,NA,83.5,2010-09-23,NA,4,"Daily record reached in NA","8502799","NAIN",1999,2026
"ISI","04-03",2001-04-03,NA,NA,NA,NA,NA,83.5,2010-09-23,NA,4,"Daily record reached in NA","8502799","NAIN",1999,2026
"ISI","04-04",2001-04-04,NA,NA,NA,NA,NA,83.5,2010-09-23,NA,4,"Daily record reached in NA","8502799","NAIN",1999,2026
"ISI","04-05",2001-04-05,NA,NA,NA,NA,NA,83.5,2010-09-23,NA,4,"Daily record reached in NA","8502799","NAIN",1999,2026
"ISI","04-06",2001-04-06,NA,NA,NA,NA,NA,83.5,2010-09-23,NA,4,"Daily record reached in NA","8502799","NAIN",1999,2026
"ISI","04-07",2001-04-07,NA,NA,NA,NA,NA,83.5,2010-09-23,NA,4,"Daily record reached in NA","8502799","NAIN",1999,2026
"ISI","04-08",2001-04-08,NA,NA,NA,NA,NA,83.5,2010-09-23,NA,4,"Daily record reached in NA","8502799","NAIN",1999,2026
"ISI","04-09",2001-04-09,NA,NA,NA,NA,NA,83.5,2010-09-23,NA,4,"Daily record reached in NA","8502799","NAIN",1999,2026
"ISI","04-10",2001-04-10,NA,NA,NA,NA,NA,83.5,2010-09-23,NA,4,"Daily record reached in NA","8502799","NAIN",1999,2026
"ISI","04-11",2001-04-11,NA,NA,NA,NA,NA,83.5,2010-09-23,NA,4,"Daily record reached in NA","8502799","NAIN",1999,2026
"ISI","04-12",2001-04-12,NA,NA,NA,NA,NA,83.5,2010-09-23,NA,4,"Daily record reached in NA","8502799","NAIN",1999,2026
"ISI","04-13",2001-04-13,NA,NA,NA,NA,NA,83.5,2010-09-23,NA,4,"Daily record reached in NA","8502799","NAIN",1999,2026
"ISI","04-14",2001-04-14,NA,NA,NA,NA,NA,83.5,2010-09-23,NA,4,"Daily record reached in NA","8502799","NAIN",1999,2026
"ISI","04-15",2001-04-15,NA,NA,NA,NA,NA,83.5,2010-09-23,NA,4,"Daily record reached in NA","8502799","NAIN",1999,2026
"ISI","04-16",2001-04-16,NA,NA,NA,NA,NA,83.5,2010-09-23,NA,4,"Daily record reached in NA","8502799","NAIN",1999,2026
"ISI","04-17",2001-04-17,NA,NA,NA,NA,NA,83.5,2010-09-23,NA,4,"Daily record reached in NA","8502799","NAIN",1999,2026
"ISI","04-18",2001-04-18,NA,NA,NA,NA,NA,83.5,2010-09-23,NA,4,"Daily record reached in NA","8502799","NAIN",1999,2026
"ISI","04-19",2001-04-19,NA,NA,NA,NA,NA,83.5,2010-09-23,NA,4,"Daily record reached in NA","8502799","NAIN",1999,2026
"ISI","04-20",2001-04-20,NA,NA,NA,NA,NA,83.5,2010-09-23,NA,4,"Daily record reached in NA","8502799","NAIN",1999,2026
"ISI","04-21",2001-04-21,NA,NA,NA,NA,NA,83.5,2010-09-23,NA,4,"Daily record reached in NA","8502799","NAIN",1999,2026
"ISI","04-22",2001-04-22,NA,NA,NA,NA,NA,83.5,2010-09-23,NA,4,"Daily record reached in NA","8502799","NAIN",1999,2026
"ISI","04-23",2001-04-23,NA,NA,NA,NA,NA,83.5,2010-09-23,NA,4,"Daily record reached in NA","8502799","NAIN",1999,2026
"ISI","04-24",2001-04-24,NA,NA,NA,NA,NA,83.5,2010-09-23,NA,4,"Daily record reached in NA","8502799","NAIN",1999,2026
"ISI","04-25",2001-04-25,NA,NA,NA,NA,NA,83.5,2010-09-23,NA,4,"Daily record reached in NA","8502799","NAIN",1999,2026
"ISI","04-26",2001-04-26,NA,NA,NA,NA,NA,83.5,2010-09-23,NA,4,"Daily record reached in NA","8502799","NAIN",1999,2026
"ISI","04-27",2001-04-27,NA,NA,NA,NA,NA,83.5,2010-09-23,NA,4,"Daily record reached in NA","8502799","NAIN",1999,2026
"ISI","04-28",2001-04-28,NA,NA,NA,NA,NA,83.5,2010-09-23,NA,4,"Daily record reached in NA","8502799","NAIN",1999,2026
"ISI","04-29",2001-04-29,NA,NA,NA,NA,NA,83.5,2010-09-23,NA,4,"Daily record reached in NA","8502799","NAIN",1999,2026
"ISI","04-30",2001-04-30,NA,NA,NA,NA,NA,83.5,2010-09-23,NA,4,"Daily record reached in NA","8502799","NAIN",1999,2026
"ISI","05-01",2001-05-01,NA,NA,NA,NA,NA,83.5,2010-09-23,NA,5,"Daily record reached in NA","8502799","NAIN",1999,2026
"ISI","05-02",2001-05-02,NA,NA,NA,NA,NA,83.5,2010-09-23,NA,5,"Daily record reached in NA","8502799","NAIN",1999,2026
"ISI","05-03",2001-05-03,NA,NA,NA,NA,NA,83.5,2010-09-23,NA,5,"Daily record reached in NA","8502799","NAIN",1999,2026
"ISI","05-04",2001-05-04,NA,NA,NA,NA,NA,83.5,2010-09-23,NA,5,"Daily record reached in NA","8502799","NAIN",1999,2026
"ISI","05-05",2001-05-05,NA,NA,NA,NA,NA,83.5,2010-09-23,NA,5,"Daily record reached in NA","8502799","NAIN",1999,2026
"ISI","05-06",2001-05-06,NA,NA,NA,NA,NA,83.5,2010-09-23,NA,5,"Daily record reached in NA","8502799","NAIN",1999,2026
"ISI","05-07",2001-05-07,NA,NA,NA,NA,NA,83.5,2010-09-23,NA,5,"Daily record reached in NA","8502799","NAIN",1999,2026
"ISI","05-08",2001-05-08,NA,NA,NA,NA,NA,83.5,2010-09-23,NA,5,"Daily record reached in NA","8502799","NAIN",1999,2026
"ISI","05-09",2001-05-09,NA,NA,NA,NA,NA,83.5,2010-09-23,NA,5,"Daily record reached in NA","8502799","NAIN",1999,2026
"ISI","05-10",2001-05-10,NA,NA,NA,NA,NA,83.5,2010-09-23,NA,5,"Daily record reached in NA","8502799","NAIN",1999,2026
"ISI","05-11",2001-05-11,3.4,NA,3.4,2005-05-11,NA,83.5,2010-09-23,NA,5,"Daily record reached in 2005","8502799","NAIN",1999,2026
"ISI","05-12",2001-05-12,3.3,NA,3.3,2006-05-12,NA,83.5,2010-09-23,NA,5,"Daily record reached in 2006","8502799","NAIN",1999,2026
"ISI","05-13",2001-05-13,5.6,NA,5.6,2006-05-13,NA,83.5,2010-09-23,NA,5,"Daily record reached in 2006","8502799","NAIN",1999,2026
"ISI","05-14",2001-05-14,5,NA,5,2006-05-14,NA,83.5,2010-09-23,NA,5,"Daily record reached in 2006","8502799","NAIN",1999,2026
"ISI","05-15",2001-05-15,1.9,NA,1.9,2006-05-15,NA,83.5,2010-09-23,NA,5,"Daily record reached in 2006","8502799","NAIN",1999,2026
"ISI","05-16",2001-05-16,2.3,NA,2.3,2006-05-16,NA,83.5,2010-09-23,NA,5,"Daily record reached in 2006","8502799","NAIN",1999,2026
"ISI","05-17",2001-05-17,3.4,NA,3.4,2006-05-17,NA,83.5,2010-09-23,NA,5,"Daily record reached in 2006","8502799","NAIN",1999,2026
"ISI","05-18",2001-05-18,2.3,NA,2.3,2006-05-18,NA,83.5,2010-09-23,NA,5,"Daily record reached in 2006","8502799","NAIN",1999,2026
"ISI","05-19",2001-05-19,NA,NA,NA,NA,NA,83.5,2010-09-23,NA,5,"Daily record reached in NA","8502799","NAIN",1999,2026
"ISI","05-20",2001-05-20,NA,NA,NA,NA,NA,83.5,2010-09-23,NA,5,"Daily record reached in NA","8502799","NAIN",1999,2026
"ISI","05-21",2001-05-21,NA,NA,NA,NA,NA,83.5,2010-09-23,NA,5,"Daily record reached in NA","8502799","NAIN",1999,2026
"ISI","05-22",2001-05-22,NA,NA,NA,NA,NA,83.5,2010-09-23,NA,5,"Daily record reached in NA","8502799","NAIN",1999,2026
"ISI","05-23",2001-05-23,2.1,3.13209195267317,5.7,2016-05-23,NA,83.5,2010-09-23,NA,5,"Daily record reached in 2016","8502799","NAIN",1999,2026
"ISI","05-24",2001-05-24,1.3,0.519615242270663,1.6,2006-05-24,NA,83.5,2010-09-23,NA,5,"Daily record reached in 2006","8502799","NAIN",1999,2026
"ISI","05-25",2001-05-25,2.03333333333333,1.00664459136943,3.1,2006-05-25,NA,83.5,2010-09-23,NA,5,"Daily record reached in 2006","8502799","NAIN",1999,2026
"ISI","05-26",2001-05-26,2.4,0.98488578017961,3.2,2006-05-26,NA,83.5,2010-09-23,NA,5,"Daily record reached in 2006","8502799","NAIN",1999,2026
"ISI","05-27",2001-05-27,3,2.4576411454889,5.8,2016-05-27,NA,83.5,2010-09-23,NA,5,"Daily record reached in 2016","8502799","NAIN",1999,2026
"ISI","05-28",2001-05-28,3.46666666666667,1.36503968196288,4.4,2006-05-28,NA,83.5,2010-09-23,NA,5,"Daily record reached in 2006","8502799","NAIN",1999,2026
"ISI","05-29",2001-05-29,3.53333333333333,1.9035055380359,5.5,2006-05-29,NA,83.5,2010-09-23,NA,5,"Daily record reached in 2006","8502799","NAIN",1999,2026
"ISI","05-30",2001-05-30,6.03333333333333,3.76474877426547,8.5,2006-05-30,NA,83.5,2010-09-23,NA,5,"Daily record reached in 2006","8502799","NAIN",1999,2026
"ISI","05-31",2001-05-31,7.76666666666667,4.04268887416943,10.2,2006-05-31,NA,83.5,2010-09-23,NA,5,"Daily record reached in 2006","8502799","NAIN",1999,2026
"ISI","06-01",2001-06-01,12.95,4.73761543394987,16.3,2005-06-01,NA,83.5,2010-09-23,NA,6,"Daily record reached in 2005","8502799","NAIN",1999,2026
"ISI","06-02",2001-06-02,14.2333333333333,10.0301213020249,22.8,2006-06-02,NA,83.5,2010-09-23,NA,6,"Daily record reached in 2006","8502799","NAIN",1999,2026
"ISI","06-03",2001-06-03,12.1333333333333,8.1525047275873,19.7,2005-06-03,NA,83.5,2010-09-23,NA,6,"Daily record reached in 2005","8502799","NAIN",1999,2026
"ISI","06-04",2001-06-04,5.15,1.93304595565306,7.6,2006-06-04,NA,83.5,2010-09-23,NA,6,"Daily record reached in 2006","8502799","NAIN",1999,2026
"ISI","06-05",2001-06-05,5.13333333333333,5.60119034967866,11.6,2005-06-05,11,83.5,2010-09-23,NA,6,"Daily record reached in 2005","8502799","NAIN",1999,2026
"ISI","06-06",2001-06-06,3.625,2.1203380233664,10.9,2026-06-06,10.9,83.5,2010-09-23,NA,6,"Daily record reached in 2026","8502799","NAIN",1999,2026
"ISI","06-07",2001-06-07,3.425,2.63991792801721,6.7,2006-06-07,6.7,83.5,2010-09-23,NA,6,"Daily record reached in 2006","8502799","NAIN",1999,2026
"ISI","06-08",2001-06-08,3.675,3.22632401761923,7.8,2006-06-08,6.1,83.5,2010-09-23,NA,6,"Daily record reached in 2006","8502799","NAIN",1999,2026
"ISI","06-09",2001-06-09,9.2,6.71639784408279,14.9,2012-06-09,9.1,83.5,2010-09-23,NA,6,"Daily record reached in 2012","8502799","NAIN",1999,2026
"ISI","06-10",2001-06-10,3.5,3.06512642479882,6.9,2006-06-10,4.7,83.5,2010-09-23,NA,6,"Daily record reached in 2006","8502799","NAIN",1999,2026
"ISI","06-11",2001-06-11,6.03333333333333,9.03873147441978,24.1,2017-06-11,4.6,83.5,2010-09-23,NA,6,"Daily record reached in 2017","8502799","NAIN",1999,2026
"ISI","06-12",2001-06-12,2.2,2.28910462845192,5.1,2005-06-12,2.7,83.5,2010-09-23,NA,6,"Daily record reached in 2005","8502799","NAIN",1999,2026
"ISI","06-13",2001-06-13,5.71666666666667,7.62664189972669,20.7,2006-06-13,5.2,83.5,2010-09-23,NA,6,"Daily record reached in 2006","8502799","NAIN",1999,2026
"ISI","06-14",2001-06-14,6.275,8.36792344952694,19.8,2020-06-14,6.2,83.5,2010-09-23,NA,6,"Daily record reached in 2020","8502799","NAIN",1999,2026
"ISI","06-15",2001-06-15,5.325,8.39179020573935,24.8,2007-06-15,NA,83.5,2010-09-23,NA,6,"Daily record reached in 2007","8502799","NAIN",1999,2026
"ISI","06-16",2001-06-16,3.65714285714286,2.58769984275427,7.3,2012-06-16,NA,83.5,2010-09-23,NA,6,"Daily record reached in 2012","8502799","NAIN",1999,2026
"ISI","06-17",2001-06-17,3.1,2.7427176303805,7.5,2012-06-17,NA,83.5,2010-09-23,NA,6,"Daily record reached in 2012","8502799","NAIN",1999,2026
"ISI","06-18",2001-06-18,2.77,3.31998995982418,11.1,2000-06-18,NA,83.5,2010-09-23,NA,6,"Daily record reached in 2000","8502799","NAIN",1999,2026
"ISI","06-19",2001-06-19,4.78181818181818,4.56767297030297,13.5,2005-06-19,NA,83.5,2010-09-23,NA,6,"Daily record reached in 2005","8502799","NAIN",1999,2026
"ISI","06-20",2001-06-20,1.95454545454545,1.73226074039888,5.1,2013-06-20,NA,83.5,2010-09-23,NA,6,"Daily record reached in 2013","8502799","NAIN",1999,2026
"ISI","06-21",2001-06-21,4.76363636363636,5.2505757260081,17.6,2013-06-21,NA,83.5,2010-09-23,NA,6,"Daily record reached in 2013","8502799","NAIN",1999,2026
"ISI","06-22",2001-06-22,4.375,4.67763051904779,12.6,2013-06-22,NA,83.5,2010-09-23,NA,6,"Daily record reached in 2013","8502799","NAIN",1999,2026
"ISI","06-23",2001-06-23,3.04615384615385,5.33441896002045,17.4,2006-06-23,NA,83.5,2010-09-23,NA,6,"Daily record reached in 2006","8502799","NAIN",1999,2026
"ISI","06-24",2001-06-24,4.69230769230769,7.53762357980081,26,2013-06-24,NA,83.5,2010-09-23,NA,6,"Daily record reached in 2013","8502799","NAIN",1999,2026
"ISI","06-25",2001-06-25,3.37142857142857,5.06122949055306,18.6,2006-06-25,NA,83.5,2010-09-23,NA,6,"Daily record reached in 2006","8502799","NAIN",1999,2026
"ISI","06-26",2001-06-26,4.7,6.06427115285791,22.1,2006-06-26,NA,83.5,2010-09-23,NA,6,"Daily record reached in 2006","8502799","NAIN",1999,2026
"ISI","06-27",2001-06-27,3.05333333333333,3.12384073735857,8.8,2018-06-27,NA,83.5,2010-09-23,NA,6,"Daily record reached in 2018","8502799","NAIN",1999,2026
"ISI","06-28",2001-06-28,5.65333333333333,12.5686041199415,49.6,2014-06-28,NA,83.5,2010-09-23,NA,6,"Daily record reached in 2014","8502799","NAIN",1999,2026
"ISI","06-29",2001-06-29,3,3.05122926047847,11,2025-06-29,NA,83.5,2010-09-23,NA,6,"Daily record reached in 2025","8502799","NAIN",1999,2026
"ISI","06-30",2001-06-30,6.18666666666667,11.9049729505103,44.9,2018-06-30,NA,83.5,2010-09-23,NA,6,"Daily record reached in 2018","8502799","NAIN",1999,2026
"ISI","07-01",2001-07-01,2.93125,7.05924630065656,28.8,2018-07-01,NA,83.5,2010-09-23,NA,7,"Daily record reached in 2018","8502799","NAIN",1999,2026
"ISI","07-02",2001-07-02,1.94705882352941,2.14158750902771,6.7,2002-07-02,NA,83.5,2010-09-23,NA,7,"Daily record reached in 2002","8502799","NAIN",1999,2026
"ISI","07-03",2001-07-03,1.97058823529412,2.5828193669618,8.6,2013-07-03,NA,83.5,2010-09-23,NA,7,"Daily record reached in 2013","8502799","NAIN",1999,2026
"ISI","07-04",2001-07-04,2,3.1976553910639,11.7,2004-07-04,NA,83.5,2010-09-23,NA,7,"Daily record reached in 2004","8502799","NAIN",1999,2026
"ISI","07-05",2001-07-05,1.72352941176471,2.22247874336424,7.6,2014-07-05,NA,83.5,2010-09-23,NA,7,"Daily record reached in 2014","8502799","NAIN",1999,2026
"ISI","07-06",2001-07-06,2.01666666666667,3.36036587643807,13.1,2020-07-06,NA,83.5,2010-09-23,NA,7,"Daily record reached in 2020","8502799","NAIN",1999,2026
"ISI","07-07",2001-07-07,2.15555555555556,3.19801817715877,10.9,2006-07-07,NA,83.5,2010-09-23,NA,7,"Daily record reached in 2006","8502799","NAIN",1999,2026
"ISI","07-08",2001-07-08,2.05555555555556,2.36822649508575,24.6,2025-07-08,NA,83.5,2010-09-23,NA,7,"Daily record reached in 2025","8502799","NAIN",1999,2026
"ISI","07-09",2001-07-09,2.33157894736842,2.18582621846064,7.3,2018-07-09,NA,83.5,2010-09-23,NA,7,"Daily record reached in 2018","8502799","NAIN",1999,2026
"ISI","07-10",2001-07-10,2.395,4.61672873477816,19.8,2006-07-10,NA,83.5,2010-09-23,NA,7,"Daily record reached in 2006","8502799","NAIN",1999,2026
"ISI","07-11",2001-07-11,2.06315789473684,2.40582869213634,12.2,2025-07-11,NA,83.5,2010-09-23,NA,7,"Daily record reached in 2025","8502799","NAIN",1999,2026
"ISI","07-12",2001-07-12,1.25263157894737,1.69717687844407,26.2,2025-07-12,NA,83.5,2010-09-23,NA,7,"Daily record reached in 2025","8502799","NAIN",1999,2026
"ISI","07-13",2001-07-13,2.39,2.80542707134432,9.8,2006-07-13,NA,83.5,2010-09-23,NA,7,"Daily record reached in 2006","8502799","NAIN",1999,2026
"ISI","07-14",2001-07-14,1.965,1.89855207987561,6.7,2018-07-14,NA,83.5,2010-09-23,NA,7,"Daily record reached in 2018","8502799","NAIN",1999,2026
"ISI","07-15",2001-07-15,4.19,5.85427419205741,19.5,2018-07-15,NA,83.5,2010-09-23,NA,7,"Daily record reached in 2018","8502799","NAIN",1999,2026
"ISI","07-16",2001-07-16,3.255,3.95879766436331,13.8,2017-07-16,NA,83.5,2010-09-23,NA,7,"Daily record reached in 2017","8502799","NAIN",1999,2026
"ISI","07-17",2001-07-17,3.93,7.08275147248953,31.4,2017-07-17,NA,83.5,2010-09-23,NA,7,"Daily record reached in 2017","8502799","NAIN",1999,2026
"ISI","07-18",2001-07-18,3.57,4.88780437200052,17.3,2017-07-18,NA,83.5,2010-09-23,NA,7,"Daily record reached in 2017","8502799","NAIN",1999,2026
"ISI","07-19",2001-07-19,1.465,1.52807928975871,5.3,2016-07-19,NA,83.5,2010-09-23,NA,7,"Daily record reached in 2016","8502799","NAIN",1999,2026
"ISI","07-20",2001-07-20,1.65,1.62723530469386,5.8,2006-07-20,NA,83.5,2010-09-23,NA,7,"Daily record reached in 2006","8502799","NAIN",1999,2026
"ISI","07-21",2001-07-21,2.03,2.83104964726215,8.4,2011-07-21,NA,83.5,2010-09-23,NA,7,"Daily record reached in 2011","8502799","NAIN",1999,2026
"ISI","07-22",2001-07-22,2.03,3.42300268308704,13.1,2011-07-22,NA,83.5,2010-09-23,NA,7,"Daily record reached in 2011","8502799","NAIN",1999,2026
"ISI","07-23",2001-07-23,2.05,3.59714799309266,15.4,2011-07-23,NA,83.5,2010-09-23,NA,7,"Daily record reached in 2011","8502799","NAIN",1999,2026
"ISI","07-24",2001-07-24,4.095,6.93294765290311,27.5,2011-07-24,NA,83.5,2010-09-23,NA,7,"Daily record reached in 2011","8502799","NAIN",1999,2026
"ISI","07-25",2001-07-25,3.295,4.20819688852976,14.9,2011-07-25,NA,83.5,2010-09-23,NA,7,"Daily record reached in 2011","8502799","NAIN",1999,2026
"ISI","07-26",2001-07-26,3.18,3.91456121087462,10.8,2004-07-26,NA,83.5,2010-09-23,NA,7,"Daily record reached in 2004","8502799","NAIN",1999,2026
"ISI","07-27",2001-07-27,3.53,5.18927030667988,20.2,2000-07-27,NA,83.5,2010-09-23,NA,7,"Daily record reached in 2000","8502799","NAIN",1999,2026
"ISI","07-28",2001-07-28,2.485,3.74900337633743,13.5,2000-07-28,NA,83.5,2010-09-23,NA,7,"Daily record reached in 2000","8502799","NAIN",1999,2026
"ISI","07-29",2001-07-29,2.24,3.45320598559474,11.6,2012-07-29,NA,83.5,2010-09-23,NA,7,"Daily record reached in 2012","8502799","NAIN",1999,2026
"ISI","07-30",2001-07-30,2.025,3.57621896774557,15.8,2000-07-30,NA,83.5,2010-09-23,NA,7,"Daily record reached in 2000","8502799","NAIN",1999,2026
"ISI","07-31",2001-07-31,2.87,5.14158484679988,22.6,2000-07-31,NA,83.5,2010-09-23,NA,7,"Daily record reached in 2000","8502799","NAIN",1999,2026
"ISI","08-01",2001-08-01,2.255,3.43931985320231,13.1,2000-08-01,NA,83.5,2010-09-23,NA,8,"Daily record reached in 2000","8502799","NAIN",1999,2026
"ISI","08-02",2001-08-02,1.535,2.05561490352132,7.3,2020-08-02,NA,83.5,2010-09-23,NA,8,"Daily record reached in 2020","8502799","NAIN",1999,2026
"ISI","08-03",2001-08-03,0.957894736842105,1.01067402672874,3,2007-08-03,NA,83.5,2010-09-23,NA,8,"Daily record reached in 2007","8502799","NAIN",1999,2026
"ISI","08-04",2001-08-04,1.875,1.96519049565444,6.5,2003-08-04,NA,83.5,2010-09-23,NA,8,"Daily record reached in 2003","8502799","NAIN",1999,2026
"ISI","08-05",2001-08-05,2.115,2.91985489906244,10,2007-08-05,NA,83.5,2010-09-23,NA,8,"Daily record reached in 2007","8502799","NAIN",1999,2026
"ISI","08-06",2001-08-06,2.14,3.23669747216446,11.3,2016-08-06,NA,83.5,2010-09-23,NA,8,"Daily record reached in 2016","8502799","NAIN",1999,2026
"ISI","08-07",2001-08-07,1.245,1.92120439198683,8.9,2025-08-07,NA,83.5,2010-09-23,NA,8,"Daily record reached in 2025","8502799","NAIN",1999,2026
"ISI","08-08",2001-08-08,1.82631578947368,2.83447861269898,10.4,2006-08-08,NA,83.5,2010-09-23,NA,8,"Daily record reached in 2006","8502799","NAIN",1999,2026
"ISI","08-09",2001-08-09,1.925,2.90242638965546,12.6,2006-08-09,NA,83.5,2010-09-23,NA,8,"Daily record reached in 2006","8502799","NAIN",1999,2026
"ISI","08-10",2001-08-10,2.095,3.33347850561068,14.7,2012-08-10,NA,83.5,2010-09-23,NA,8,"Daily record reached in 2012","8502799","NAIN",1999,2026
"ISI","08-11",2001-08-11,2.835,3.96461652755047,13.1,2020-08-11,NA,83.5,2010-09-23,NA,8,"Daily record reached in 2020","8502799","NAIN",1999,2026
"ISI","08-12",2001-08-12,2.025,3.06042222749187,11.1,2003-08-12,NA,83.5,2010-09-23,NA,8,"Daily record reached in 2003","8502799","NAIN",1999,2026
"ISI","08-13",2001-08-13,1.715,3.43346916781202,16,2018-08-13,NA,83.5,2010-09-23,NA,8,"Daily record reached in 2018","8502799","NAIN",1999,2026
"ISI","08-14",2001-08-14,2.535,2.40619266848994,6.8,2000-08-14,NA,83.5,2010-09-23,NA,8,"Daily record reached in 2000","8502799","NAIN",1999,2026
"ISI","08-15",2001-08-15,2.74736842105263,2.92847484405803,10.7,2020-08-15,NA,83.5,2010-09-23,NA,8,"Daily record reached in 2020","8502799","NAIN",1999,2026
"ISI","08-16",2001-08-16,3.46,3.55829645816794,12.1,2016-08-16,NA,83.5,2010-09-23,NA,8,"Daily record reached in 2016","8502799","NAIN",1999,2026
"ISI","08-17",2001-08-17,2.305,2.4319095810754,10.7,2013-08-17,NA,83.5,2010-09-23,NA,8,"Daily record reached in 2013","8502799","NAIN",1999,2026
"ISI","08-18",2001-08-18,2.7,4.838224989873,22.3,2018-08-18,NA,83.5,2010-09-23,NA,8,"Daily record reached in 2018","8502799","NAIN",1999,2026
"ISI","08-19",2001-08-19,2.91,3.71226984046433,13.1,2003-08-19,NA,83.5,2010-09-23,NA,8,"Daily record reached in 2003","8502799","NAIN",1999,2026
"ISI","08-20",2001-08-20,3.255,4.16166401436025,15.9,2018-08-20,NA,83.5,2010-09-23,NA,8,"Daily record reached in 2018","8502799","NAIN",1999,2026
"ISI","08-21",2001-08-21,2.49473684210526,3.25123458332208,10.7,2000-08-21,NA,83.5,2010-09-23,NA,8,"Daily record reached in 2000","8502799","NAIN",1999,2026
"ISI","08-22",2001-08-22,1.935,2.6063232824482,10.1,2008-08-22,NA,83.5,2010-09-23,NA,8,"Daily record reached in 2008","8502799","NAIN",1999,2026
"ISI","08-23",2001-08-23,2.34,3.6498594060882,13.5,2001-08-23,NA,83.5,2010-09-23,NA,8,"Daily record reached in 2001","8502799","NAIN",1999,2026
"ISI","08-24",2001-08-24,3.26,5.31288404184632,23,2009-08-24,NA,83.5,2010-09-23,NA,8,"Daily record reached in 2009","8502799","NAIN",1999,2026
"ISI","08-25",2001-08-25,2.62631578947368,3.95781113822375,16.4,2005-08-25,NA,83.5,2010-09-23,NA,8,"Daily record reached in 2005","8502799","NAIN",1999,2026
"ISI","08-26",2001-08-26,1.51,1.32502234340645,4.4,2018-08-26,NA,83.5,2010-09-23,NA,8,"Daily record reached in 2018","8502799","NAIN",1999,2026
"ISI","08-27",2001-08-27,2.13,3.7351953376666,13.9,2019-08-27,NA,83.5,2010-09-23,NA,8,"Daily record reached in 2019","8502799","NAIN",1999,2026
"ISI","08-28",2001-08-28,2.905,4.73525134107556,19.8,2017-08-28,NA,83.5,2010-09-23,NA,8,"Daily record reached in 2017","8502799","NAIN",1999,2026
"ISI","08-29",2001-08-29,2.3,2.07444771766688,9.1,2017-08-29,NA,83.5,2010-09-23,NA,8,"Daily record reached in 2017","8502799","NAIN",1999,2026
"ISI","08-30",2001-08-30,3.47,3.62957152756137,12.6,2017-08-30,NA,83.5,2010-09-23,NA,8,"Daily record reached in 2017","8502799","NAIN",1999,2026
"ISI","08-31",2001-08-31,3.86,4.39202626777688,16.5,2019-08-31,NA,83.5,2010-09-23,NA,8,"Daily record reached in 2019","8502799","NAIN",1999,2026
"ISI","09-01",2001-09-01,3.35,6.08782218427644,27,2019-09-01,NA,83.5,2010-09-23,NA,9,"Daily record reached in 2019","8502799","NAIN",1999,2026
"ISI","09-02",2001-09-02,5.45,8.46649744270725,38.2,2018-09-02,NA,83.5,2010-09-23,NA,9,"Daily record reached in 2018","8502799","NAIN",1999,2026
"ISI","09-03",2001-09-03,3.365,3.09163131866112,11.7,2011-09-03,NA,83.5,2010-09-23,NA,9,"Daily record reached in 2011","8502799","NAIN",1999,2026
"ISI","09-04",2001-09-04,3.345,4.44267285598019,16.3,2011-09-04,NA,83.5,2010-09-23,NA,9,"Daily record reached in 2011","8502799","NAIN",1999,2026
"ISI","09-05",2001-09-05,3.46,4.51598331077052,19.8,2016-09-05,NA,83.5,2010-09-23,NA,9,"Daily record reached in 2016","8502799","NAIN",1999,2026
"ISI","09-06",2001-09-06,3.38,4.09603145547132,15,2016-09-06,NA,83.5,2010-09-23,NA,9,"Daily record reached in 2016","8502799","NAIN",1999,2026
"ISI","09-07",2001-09-07,3.325,4.25686751645287,15.6,2006-09-07,NA,83.5,2010-09-23,NA,9,"Daily record reached in 2006","8502799","NAIN",1999,2026
"ISI","09-08",2001-09-08,3.42,4.23352534445056,17.4,2011-09-08,NA,83.5,2010-09-23,NA,9,"Daily record reached in 2011","8502799","NAIN",1999,2026
"ISI","09-09",2001-09-09,2.84,2.5083859352181,11.3,2004-09-09,NA,83.5,2010-09-23,NA,9,"Daily record reached in 2004","8502799","NAIN",1999,2026
"ISI","09-10",2001-09-10,3.92777777777778,4.33424198618066,15.4,2011-09-10,NA,83.5,2010-09-23,NA,9,"Daily record reached in 2011","8502799","NAIN",1999,2026
"ISI","09-11",2001-09-11,3.89444444444444,4.75029066878107,18.3,2009-09-11,NA,83.5,2010-09-23,NA,9,"Daily record reached in 2009","8502799","NAIN",1999,2026
"ISI","09-12",2001-09-12,3.45789473684211,3.32704670332141,10.8,2006-09-12,NA,83.5,2010-09-23,NA,9,"Daily record reached in 2006","8502799","NAIN",1999,2026
"ISI","09-13",2001-09-13,4.84736842105263,7.28036693375124,24.8,2019-09-13,NA,83.5,2010-09-23,NA,9,"Daily record reached in 2019","8502799","NAIN",1999,2026
"ISI","09-14",2001-09-14,3.805,7.0916908383945,32.5,2012-09-14,NA,83.5,2010-09-23,NA,9,"Daily record reached in 2012","8502799","NAIN",1999,2026
"ISI","09-15",2001-09-15,2.345,3.03583423027085,13.7,2005-09-15,NA,83.5,2010-09-23,NA,9,"Daily record reached in 2005","8502799","NAIN",1999,2026
"ISI","09-16",2001-09-16,2.58,3.31386243083902,14.9,2017-09-16,NA,83.5,2010-09-23,NA,9,"Daily record reached in 2017","8502799","NAIN",1999,2026
"ISI","09-17",2001-09-17,2.305,2.57282867063103,9.8,2017-09-17,NA,83.5,2010-09-23,NA,9,"Daily record reached in 2017","8502799","NAIN",1999,2026
"ISI","09-18",2001-09-18,3.25263157894737,2.814914330856,9.7,2007-09-18,NA,83.5,2010-09-23,NA,9,"Daily record reached in 2007","8502799","NAIN",1999,2026
"ISI","09-19",2001-09-19,3.54736842105263,4.58116535647774,18.7,2008-09-19,NA,83.5,2010-09-23,NA,9,"Daily record reached in 2008","8502799","NAIN",1999,2026
"ISI","09-20",2001-09-20,3.21578947368421,2.72911527338781,9.8,2020-09-20,NA,83.5,2010-09-23,NA,9,"Daily record reached in 2020","8502799","NAIN",1999,2026
"ISI","09-21",2001-09-21,4.15,5.29145288972797,19.9,2008-09-21,NA,83.5,2010-09-23,NA,9,"Daily record reached in 2008","8502799","NAIN",1999,2026
"ISI","09-22",2001-09-22,3.485,5.71501024542066,20.6,2010-09-22,NA,83.5,2010-09-23,NA,9,"Daily record reached in 2010","8502799","NAIN",1999,2026
"ISI","09-23",2001-09-23,7.29473684210526,18.881339220517,83.5,2010-09-23,NA,83.5,2010-09-23,NA,9,"Daily record reached in 2010","8502799","NAIN",1999,2026
"ISI","09-24",2001-09-24,4.33157894736842,7.47968007571766,32.6,2018-09-24,NA,83.5,2010-09-23,NA,9,"Daily record reached in 2018","8502799","NAIN",1999,2026
"ISI","09-25",2001-09-25,4.75263157894737,6.41173996328026,22.4,2011-09-25,NA,83.5,2010-09-23,NA,9,"Daily record reached in 2011","8502799","NAIN",1999,2026
"ISI","09-26",2001-09-26,4.01578947368421,3.55719351891265,15.2,2010-09-26,NA,83.5,2010-09-23,NA,9,"Daily record reached in 2010","8502799","NAIN",1999,2026
"ISI","09-27",2001-09-27,3.98421052631579,5.51777563454843,23.1,2010-09-27,NA,83.5,2010-09-23,NA,9,"Daily record reached in 2010","8502799","NAIN",1999,2026
"ISI","09-28",2001-09-28,3.11052631578947,3.53583162256885,13.2,2010-09-28,NA,83.5,2010-09-23,NA,9,"Daily record reached in 2010","8502799","NAIN",1999,2026
"ISI","09-29",2001-09-29,4.58421052631579,6.46471303461206,27.1,2016-09-29,NA,83.5,2010-09-23,NA,9,"Daily record reached in 2016","8502799","NAIN",1999,2026
"ISI","09-30",2001-09-30,2.98,3.96253507372822,15.6,2016-09-30,NA,83.5,2010-09-23,NA,9,"Daily record reached in 2016","8502799","NAIN",1999,2026
"ISI","10-01",2001-10-01,3.42352941176471,4.77238533279804,15.9,2016-10-01,NA,83.5,2010-09-23,NA,10,"Daily record reached in 2016","8502799","NAIN",1999,2026
"ISI","10-02",2001-10-02,2.18571428571429,2.40027470955278,8.3,2016-10-02,NA,83.5,2010-09-23,NA,10,"Daily record reached in 2016","8502799","NAIN",1999,2026
"ISI","10-03",2001-10-03,3.06,3.50016326149836,11.8,2016-10-03,NA,83.5,2010-09-23,NA,10,"Daily record reached in 2016","8502799","NAIN",1999,2026
"ISI","10-04",2001-10-04,3.79375,4.08500815992657,14.8,2005-10-04,NA,83.5,2010-09-23,NA,10,"Daily record reached in 2005","8502799","NAIN",1999,2026
"ISI","10-05",2001-10-05,6.8,9.90447710213248,31.3,2019-10-05,NA,83.5,2010-09-23,NA,10,"Daily record reached in 2019","8502799","NAIN",1999,2026
"ISI","10-06",2001-10-06,5.60714285714286,5.30927552434478,16.2,2018-10-06,NA,83.5,2010-09-23,NA,10,"Daily record reached in 2018","8502799","NAIN",1999,2026
"ISI","10-07",2001-10-07,5.54615384615385,7.05627562110676,27.3,2018-10-07,NA,83.5,2010-09-23,NA,10,"Daily record reached in 2018","8502799","NAIN",1999,2026
"ISI","10-08",2001-10-08,8.32,11.346247544159,35.4,2018-10-08,NA,83.5,2010-09-23,NA,10,"Daily record reached in 2018","8502799","NAIN",1999,2026
"ISI","10-09",2001-10-09,4.26923076923077,3.87672211526366,12.4,2013-10-09,NA,83.5,2010-09-23,NA,10,"Daily record reached in 2013","8502799","NAIN",1999,2026
"ISI","10-10",2001-10-10,2.86923076923077,3.85040790379942,14.2,2018-10-10,NA,83.5,2010-09-23,NA,10,"Daily record reached in 2018","8502799","NAIN",1999,2026
"ISI","10-11",2001-10-11,2.88,2.85186655668579,11.5,2005-10-11,NA,83.5,2010-09-23,NA,10,"Daily record reached in 2005","8502799","NAIN",1999,2026
"ISI","10-12",2001-10-12,2.50769230769231,2.53556750336144,9.3,2019-10-12,NA,83.5,2010-09-23,NA,10,"Daily record reached in 2019","8502799","NAIN",1999,2026
"ISI","10-13",2001-10-13,3.29375,3.99707705705056,16.9,2005-10-13,NA,83.5,2010-09-23,NA,10,"Daily record reached in 2005","8502799","NAIN",1999,2026
"ISI","10-14",2001-10-14,2.03571428571429,2.08459815085533,6.7,2017-10-14,NA,83.5,2010-09-23,NA,10,"Daily record reached in 2017","8502799","NAIN",1999,2026
"ISI","10-15",2001-10-15,2.35,2.14751441946688,8.1,2008-10-15,NA,83.5,2010-09-23,NA,10,"Daily record reached in 2008","8502799","NAIN",1999,2026
"ISI","10-16",2001-10-16,3.54,5.0931762628486,14.8,2007-10-16,NA,83.5,2010-09-23,NA,10,"Daily record reached in 2007","8502799","NAIN",1999,2026
"ISI","10-17",2001-10-17,3.8875,8.6566964170602,25.2,2007-10-17,NA,83.5,2010-09-23,NA,10,"Daily record reached in 2007","8502799","NAIN",1999,2026
"ISI","10-18",2001-10-18,1.88181818181818,4.55342029288274,15.3,2007-10-18,NA,83.5,2010-09-23,NA,10,"Daily record reached in 2007","8502799","NAIN",1999,2026
"ISI","10-19",2001-10-19,1.1,1.51327459504216,4.7,2009-10-19,NA,83.5,2010-09-23,NA,10,"Daily record reached in 2009","8502799","NAIN",1999,2026
"ISI","10-20",2001-10-20,1.04,1.39299836483911,4.5,2007-10-20,NA,83.5,2010-09-23,NA,10,"Daily record reached in 2007","8502799","NAIN",1999,2026
"ISI","10-21",2001-10-21,0.6375,0.796308447058766,2.2,2011-10-21,NA,83.5,2010-09-23,NA,10,"Daily record reached in 2011","8502799","NAIN",1999,2026
"ISI","10-22",2001-10-22,0.866666666666667,0.845379599154526,2,2004-10-22,NA,83.5,2010-09-23,NA,10,"Daily record reached in 2004","8502799","NAIN",1999,2026
"ISI","10-23",2001-10-23,1.7125,2.08150872480241,6.4,2011-10-23,NA,83.5,2010-09-23,NA,10,"Daily record reached in 2011","8502799","NAIN",1999,2026
"ISI","10-24",2001-10-24,1.775,1.82032179258818,5.4,2011-10-24,NA,83.5,2010-09-23,NA,10,"Daily record reached in 2011","8502799","NAIN",1999,2026
"ISI","10-25",2001-10-25,1.68888888888889,0.8491826135238,3.2,2004-10-25,NA,83.5,2010-09-23,NA,10,"Daily record reached in 2004","8502799","NAIN",1999,2026
"ISI","10-26",2001-10-26,1.67142857142857,1.7604112073739,4.6,2004-10-26,NA,83.5,2010-09-23,NA,10,"Daily record reached in 2004","8502799","NAIN",1999,2026
"ISI","10-27",2001-10-27,2.47142857142857,2.2786796511096,7.3,2004-10-27,NA,83.5,2010-09-23,NA,10,"Daily record reached in 2004","8502799","NAIN",1999,2026
"ISI","10-28",2001-10-28,4.51666666666667,6.26240103048876,13.5,2005-10-28,NA,83.5,2010-09-23,NA,10,"Daily record reached in 2005","8502799","NAIN",1999,2026
"ISI","10-29",2001-10-29,1.36666666666667,1.18462370959446,2.1,2005-10-29,NA,83.5,2010-09-23,NA,10,"Daily record reached in 2005","8502799","NAIN",1999,2026
"ISI","10-30",2001-10-30,3.05,3.07300070506554,6.6,2005-10-30,NA,83.5,2010-09-23,NA,10,"Daily record reached in 2005","8502799","NAIN",1999,2026
"ISI","10-31",2001-10-31,1.8,2.28691932520585,4.4,2004-10-31,NA,83.5,2010-09-23,NA,10,"Daily record reached in 2004","8502799","NAIN",1999,2026
