"variable","MD","PLOT_DATE","clim_mean","clim_sd","clim_max","value","rec_all_val","rec_all_date","value_record","MONTH","AES","NAME","por_start","por_end"
"BUI","04-01",2001-04-01,5.93,5.00245495287619,13.8,6.3,161.1,2022-10-22,NA,4,"1012710","ESQUIMALT+HARBOUR",1994,2026
"BUI","04-02",2001-04-02,6.88,5.18111957013154,15.1,7.3,161.1,2022-10-22,NA,4,"1012710","ESQUIMALT+HARBOUR",1994,2026
"BUI","04-03",2001-04-03,7.67,5.2755305157133,16,7.9,161.1,2022-10-22,NA,4,"1012710","ESQUIMALT+HARBOUR",1994,2026
"BUI","04-04",2001-04-04,7.72,4.98615861939608,17.2,8.7,161.1,2022-10-22,NA,4,"1012710","ESQUIMALT+HARBOUR",1994,2026
"BUI","04-05",2001-04-05,7.38,4.9796920922215,18.1,10.1,161.1,2022-10-22,NA,4,"1012710","ESQUIMALT+HARBOUR",1994,2026
"BUI","04-06",2001-04-06,7.59,5.1606308830521,18.8,10.9,161.1,2022-10-22,NA,4,"1012710","ESQUIMALT+HARBOUR",1994,2026
"BUI","04-07",2001-04-07,7.99,5.78589280539793,19.9,11.9,161.1,2022-10-22,NA,4,"1012710","ESQUIMALT+HARBOUR",1994,2026
"BUI","04-08",2001-04-08,8.77,6.05806166286801,20.7,13.2,161.1,2022-10-22,NA,4,"1012710","ESQUIMALT+HARBOUR",1994,2026
"BUI","04-09",2001-04-09,8.8,4.62072625364359,16.1,14.6,161.1,2022-10-22,NA,4,"1012710","ESQUIMALT+HARBOUR",1994,2026
"BUI","04-10",2001-04-10,8.99,4.41549040940591,16.8,15.3,161.1,2022-10-22,NA,4,"1012710","ESQUIMALT+HARBOUR",1994,2026
"BUI","04-11",2001-04-11,9.02,3.36478495267941,15.9,15.9,161.1,2022-10-22,NA,4,"1012710","ESQUIMALT+HARBOUR",1994,2026
"BUI","04-12",2001-04-12,9.54,3.91980725149705,16.4,16.4,161.1,2022-10-22,NA,4,"1012710","ESQUIMALT+HARBOUR",1994,2026
"BUI","04-13",2001-04-13,8.91,4.47125386341584,17.3,17.3,161.1,2022-10-22,NA,4,"1012710","ESQUIMALT+HARBOUR",1994,2026
"BUI","04-14",2001-04-14,9.21,5.17009563633874,14.9,13.6,161.1,2022-10-22,NA,4,"1012710","ESQUIMALT+HARBOUR",1994,2026
"BUI","04-15",2001-04-15,10.14,5.55261700061832,16.8,10.6,161.1,2022-10-22,NA,4,"1012710","ESQUIMALT+HARBOUR",1994,2026
"BUI","04-16",2001-04-16,10.3454545454545,5.89938363498487,17.6,7.6,161.1,2022-10-22,NA,4,"1012710","ESQUIMALT+HARBOUR",1994,2026
"BUI","04-17",2001-04-17,10.8666666666667,6.04563453821822,19.5,8.4,161.1,2022-10-22,NA,4,"1012710","ESQUIMALT+HARBOUR",1994,2026
"BUI","04-18",2001-04-18,11.2,6.40596313104935,20.4,10.2,161.1,2022-10-22,NA,4,"1012710","ESQUIMALT+HARBOUR",1994,2026
"BUI","04-19",2001-04-19,10.7272727272727,6.18402634358731,21.6,12.7,161.1,2022-10-22,NA,4,"1012710","ESQUIMALT+HARBOUR",1994,2026
"BUI","04-20",2001-04-20,11.8583333333333,7.16791567692556,22.3,13.8,161.1,2022-10-22,NA,4,"1012710","ESQUIMALT+HARBOUR",1994,2026
"BUI","04-21",2001-04-21,12.7916666666667,7.32746493845193,23.9,14.9,161.1,2022-10-22,NA,4,"1012710","ESQUIMALT+HARBOUR",1994,2026
"BUI","04-22",2001-04-22,12.2666666666667,7.37271793146664,26.5,15.9,161.1,2022-10-22,NA,4,"1012710","ESQUIMALT+HARBOUR",1994,2026
"BUI","04-23",2001-04-23,12.2333333333333,7.64714246492034,27.4,16.6,161.1,2022-10-22,NA,4,"1012710","ESQUIMALT+HARBOUR",1994,2026
"BUI","04-24",2001-04-24,11.3230769230769,6.94552060037665,25.6,17.1,161.1,2022-10-22,NA,4,"1012710","ESQUIMALT+HARBOUR",1994,2026
"BUI","04-25",2001-04-25,11.6230769230769,7.59519078607793,27.1,18.1,161.1,2022-10-22,NA,4,"1012710","ESQUIMALT+HARBOUR",1994,2026
"BUI","04-26",2001-04-26,12.7846153846154,7.62341198259744,28,19.5,161.1,2022-10-22,NA,4,"1012710","ESQUIMALT+HARBOUR",1994,2026
"BUI","04-27",2001-04-27,13.6538461538462,8.03571355311352,28.9,20.3,161.1,2022-10-22,NA,4,"1012710","ESQUIMALT+HARBOUR",1994,2026
"BUI","04-28",2001-04-28,13.8846153846154,8.41079129787503,30.2,21.7,161.1,2022-10-22,NA,4,"1012710","ESQUIMALT+HARBOUR",1994,2026
"BUI","04-29",2001-04-29,14.8769230769231,8.5370910195993,31.6,22.2,161.1,2022-10-22,NA,4,"1012710","ESQUIMALT+HARBOUR",1994,2026
"BUI","04-30",2001-04-30,15.5538461538462,9.08475053634894,32.3,22.8,161.1,2022-10-22,NA,4,"1012710","ESQUIMALT+HARBOUR",1994,2026
"BUI","05-01",2001-05-01,16.8923076923077,9.90247961694961,35.1,24,161.1,2022-10-22,NA,5,"1012710","ESQUIMALT+HARBOUR",1994,2026
"BUI","05-02",2001-05-02,18.2538461538462,10.3755815406989,38.7,25.4,161.1,2022-10-22,NA,5,"1012710","ESQUIMALT+HARBOUR",1994,2026
"BUI","05-03",2001-05-03,18.6384615384615,10.9294356717337,40.1,NA,161.1,2022-10-22,NA,5,"1012710","ESQUIMALT+HARBOUR",1994,2026
"BUI","05-04",2001-05-04,19.2461538461538,11.3273721124698,41.2,NA,161.1,2022-10-22,NA,5,"1012710","ESQUIMALT+HARBOUR",1994,2026
"BUI","05-05",2001-05-05,19.4230769230769,12.2572532163718,42.2,NA,161.1,2022-10-22,NA,5,"1012710","ESQUIMALT+HARBOUR",1994,2026
"BUI","05-06",2001-05-06,20.2571428571429,11.8575334239925,43.8,NA,161.1,2022-10-22,NA,5,"1012710","ESQUIMALT+HARBOUR",1994,2026
"BUI","05-07",2001-05-07,21.3571428571429,11.7831505703117,45,NA,161.1,2022-10-22,NA,5,"1012710","ESQUIMALT+HARBOUR",1994,2026
"BUI","05-08",2001-05-08,21.2466666666667,12.0625078337009,46.2,NA,161.1,2022-10-22,NA,5,"1012710","ESQUIMALT+HARBOUR",1994,2026
"BUI","05-09",2001-05-09,21.84,12.9198518346215,48,NA,161.1,2022-10-22,NA,5,"1012710","ESQUIMALT+HARBOUR",1994,2026
"BUI","05-10",2001-05-10,22.8,13.4109230533494,49.2,NA,161.1,2022-10-22,NA,5,"1012710","ESQUIMALT+HARBOUR",1994,2026
"BUI","05-11",2001-05-11,23.4933333333333,13.7736532484858,49.9,NA,161.1,2022-10-22,NA,5,"1012710","ESQUIMALT+HARBOUR",1994,2026
"BUI","05-12",2001-05-12,23.06,13.8259486887106,51.1,NA,161.1,2022-10-22,NA,5,"1012710","ESQUIMALT+HARBOUR",1994,2026
"BUI","05-13",2001-05-13,23.28,14.3742428372021,52,NA,161.1,2022-10-22,NA,5,"1012710","ESQUIMALT+HARBOUR",1994,2026
"BUI","05-14",2001-05-14,23.92,14.2456609935397,53.5,NA,161.1,2022-10-22,NA,5,"1012710","ESQUIMALT+HARBOUR",1994,2026
"BUI","05-15",2001-05-15,25.1533333333333,14.1525296409545,54.8,NA,161.1,2022-10-22,NA,5,"1012710","ESQUIMALT+HARBOUR",1994,2026
"BUI","05-16",2001-05-16,25.6066666666667,14.527238783288,56.1,NA,161.1,2022-10-22,NA,5,"1012710","ESQUIMALT+HARBOUR",1994,2026
"BUI","05-17",2001-05-17,24.4875,15.8239428293541,57.5,NA,161.1,2022-10-22,NA,5,"1012710","ESQUIMALT+HARBOUR",1994,2026
"BUI","05-18",2001-05-18,25.56875,16.2057487228041,59,NA,161.1,2022-10-22,NA,5,"1012710","ESQUIMALT+HARBOUR",1994,2026
"BUI","05-19",2001-05-19,26.79375,16.1852800923143,60.8,NA,161.1,2022-10-22,NA,5,"1012710","ESQUIMALT+HARBOUR",1994,2026
"BUI","05-20",2001-05-20,28.0875,16.0287190172307,61.9,NA,161.1,2022-10-22,NA,5,"1012710","ESQUIMALT+HARBOUR",1994,2026
"BUI","05-21",2001-05-21,26.98125,16.528287620521,62.9,NA,161.1,2022-10-22,NA,5,"1012710","ESQUIMALT+HARBOUR",1994,2026
"BUI","05-22",2001-05-22,27.8625,16.8707192101187,63.9,NA,161.1,2022-10-22,NA,5,"1012710","ESQUIMALT+HARBOUR",1994,2026
"BUI","05-23",2001-05-23,27.81875,17.5876554719496,65.6,NA,161.1,2022-10-22,NA,5,"1012710","ESQUIMALT+HARBOUR",1994,2026
"BUI","05-24",2001-05-24,29.25625,17.5293646490681,66.8,NA,161.1,2022-10-22,NA,5,"1012710","ESQUIMALT+HARBOUR",1994,2026
"BUI","05-25",2001-05-25,28.24375,17.1274815720234,68.1,NA,161.1,2022-10-22,NA,5,"1012710","ESQUIMALT+HARBOUR",1994,2026
"BUI","05-26",2001-05-26,27.51875,17.7741092134974,69.6,NA,161.1,2022-10-22,NA,5,"1012710","ESQUIMALT+HARBOUR",1994,2026
"BUI","05-27",2001-05-27,27.68125,18.3110246845992,71.2,NA,161.1,2022-10-22,NA,5,"1012710","ESQUIMALT+HARBOUR",1994,2026
"BUI","05-28",2001-05-28,25.71875,16.0911660547022,60.7,NA,161.1,2022-10-22,NA,5,"1012710","ESQUIMALT+HARBOUR",1994,2026
"BUI","05-29",2001-05-29,25.725,16.5987750552061,61.8,NA,161.1,2022-10-22,NA,5,"1012710","ESQUIMALT+HARBOUR",1994,2026
"BUI","05-30",2001-05-30,26.2625,17.0468325503596,63.4,NA,161.1,2022-10-22,NA,5,"1012710","ESQUIMALT+HARBOUR",1994,2026
"BUI","05-31",2001-05-31,26.2875,18.1801310959703,64.3,NA,161.1,2022-10-22,NA,5,"1012710","ESQUIMALT+HARBOUR",1994,2026
"BUI","06-01",2001-06-01,27.1,18.6164801542433,65.7,NA,161.1,2022-10-22,NA,6,"1012710","ESQUIMALT+HARBOUR",1994,2026
"BUI","06-02",2001-06-02,27.025,17.5896371006719,67.9,NA,161.1,2022-10-22,NA,6,"1012710","ESQUIMALT+HARBOUR",1994,2026
"BUI","06-03",2001-06-03,28.4125,17.7304963269504,69.9,NA,161.1,2022-10-22,NA,6,"1012710","ESQUIMALT+HARBOUR",1994,2026
"BUI","06-04",2001-06-04,29.88125,17.5789350739268,70.8,NA,161.1,2022-10-22,NA,6,"1012710","ESQUIMALT+HARBOUR",1994,2026
"BUI","06-05",2001-06-05,30.1411764705882,17.4182755613009,72.5,NA,161.1,2022-10-22,NA,6,"1012710","ESQUIMALT+HARBOUR",1994,2026
"BUI","06-06",2001-06-06,31.1882352941176,18.0234528584613,74,NA,161.1,2022-10-22,NA,6,"1012710","ESQUIMALT+HARBOUR",1994,2026
"BUI","06-07",2001-06-07,32.1294117647059,18.3426676326633,75.8,NA,161.1,2022-10-22,NA,6,"1012710","ESQUIMALT+HARBOUR",1994,2026
"BUI","06-08",2001-06-08,32.8,18.7022391707517,77.6,NA,161.1,2022-10-22,NA,6,"1012710","ESQUIMALT+HARBOUR",1994,2026
"BUI","06-09",2001-06-09,31.8647058823529,19.3623649503512,79,NA,161.1,2022-10-22,NA,6,"1012710","ESQUIMALT+HARBOUR",1994,2026
"BUI","06-10",2001-06-10,31.5588235294118,19.2107736317258,80.4,NA,161.1,2022-10-22,NA,6,"1012710","ESQUIMALT+HARBOUR",1994,2026
"BUI","06-11",2001-06-11,32.9823529411765,19.6561769964977,83.1,NA,161.1,2022-10-22,NA,6,"1012710","ESQUIMALT+HARBOUR",1994,2026
"BUI","06-12",2001-06-12,33.5823529411765,20.101002316244,86.3,NA,161.1,2022-10-22,NA,6,"1012710","ESQUIMALT+HARBOUR",1994,2026
"BUI","06-13",2001-06-13,33.4058823529412,19.527975784379,87.7,NA,161.1,2022-10-22,NA,6,"1012710","ESQUIMALT+HARBOUR",1994,2026
"BUI","06-14",2001-06-14,34.2176470588235,20.0556486835417,88.7,NA,161.1,2022-10-22,NA,6,"1012710","ESQUIMALT+HARBOUR",1994,2026
"BUI","06-15",2001-06-15,34.2823529411765,20.7906299596152,90.7,NA,161.1,2022-10-22,NA,6,"1012710","ESQUIMALT+HARBOUR",1994,2026
"BUI","06-16",2001-06-16,34.8176470588235,21.8248205976051,93.1,NA,161.1,2022-10-22,NA,6,"1012710","ESQUIMALT+HARBOUR",1994,2026
"BUI","06-17",2001-06-17,35.6235294117647,22.2954740197356,95.2,NA,161.1,2022-10-22,NA,6,"1012710","ESQUIMALT+HARBOUR",1994,2026
"BUI","06-18",2001-06-18,35.6235294117647,23.6887771268317,98.3,NA,161.1,2022-10-22,NA,6,"1012710","ESQUIMALT+HARBOUR",1994,2026
"BUI","06-19",2001-06-19,35.7117647058824,21.2454666444674,82,NA,161.1,2022-10-22,NA,6,"1012710","ESQUIMALT+HARBOUR",1994,2026
"BUI","06-20",2001-06-20,36.2588235294118,21.6812724149071,83,NA,161.1,2022-10-22,NA,6,"1012710","ESQUIMALT+HARBOUR",1994,2026
"BUI","06-21",2001-06-21,37.4882352941176,21.9244977808199,84.3,NA,161.1,2022-10-22,NA,6,"1012710","ESQUIMALT+HARBOUR",1994,2026
"BUI","06-22",2001-06-22,38.7941176470588,22.5437205943317,87.6,NA,161.1,2022-10-22,NA,6,"1012710","ESQUIMALT+HARBOUR",1994,2026
"BUI","06-23",2001-06-23,36.5235294117647,21.5092575828341,88.8,NA,161.1,2022-10-22,NA,6,"1012710","ESQUIMALT+HARBOUR",1994,2026
"BUI","06-24",2001-06-24,36.3176470588235,23.2551401655128,92.5,NA,161.1,2022-10-22,NA,6,"1012710","ESQUIMALT+HARBOUR",1994,2026
"BUI","06-25",2001-06-25,36.7764705882353,22.8222624155605,94.9,NA,161.1,2022-10-22,NA,6,"1012710","ESQUIMALT+HARBOUR",1994,2026
"BUI","06-26",2001-06-26,38.4058823529412,22.9238541313474,96.5,NA,161.1,2022-10-22,NA,6,"1012710","ESQUIMALT+HARBOUR",1994,2026
"BUI","06-27",2001-06-27,37.5,22.5121356161516,98,NA,161.1,2022-10-22,NA,6,"1012710","ESQUIMALT+HARBOUR",1994,2026
"BUI","06-28",2001-06-28,37.0941176470588,22.8798620676632,100.5,NA,161.1,2022-10-22,NA,6,"1012710","ESQUIMALT+HARBOUR",1994,2026
"BUI","06-29",2001-06-29,38.7529411764706,23.8333830384783,104.8,NA,161.1,2022-10-22,NA,6,"1012710","ESQUIMALT+HARBOUR",1994,2026
"BUI","06-30",2001-06-30,39.2352941176471,24.7697885834859,105.7,NA,161.1,2022-10-22,NA,6,"1012710","ESQUIMALT+HARBOUR",1994,2026
"BUI","07-01",2001-07-01,40.0411764705882,25.4641674422984,107.5,NA,161.1,2022-10-22,NA,7,"1012710","ESQUIMALT+HARBOUR",1994,2026
"BUI","07-02",2001-07-02,40.7588235294118,26.3749421521529,109.9,NA,161.1,2022-10-22,NA,7,"1012710","ESQUIMALT+HARBOUR",1994,2026
"BUI","07-03",2001-07-03,40.3529411764706,28.0277344260792,111.6,NA,161.1,2022-10-22,NA,7,"1012710","ESQUIMALT+HARBOUR",1994,2026
"BUI","07-04",2001-07-04,42.3882352941177,27.9574203556261,113.7,NA,161.1,2022-10-22,NA,7,"1012710","ESQUIMALT+HARBOUR",1994,2026
"BUI","07-05",2001-07-05,43.4294117647059,29.1846441794714,118.2,NA,161.1,2022-10-22,NA,7,"1012710","ESQUIMALT+HARBOUR",1994,2026
"BUI","07-06",2001-07-06,44.9647058823529,28.8951756608363,120,NA,161.1,2022-10-22,NA,7,"1012710","ESQUIMALT+HARBOUR",1994,2026
"BUI","07-07",2001-07-07,46.1529411764706,29.0660695151378,121,NA,161.1,2022-10-22,NA,7,"1012710","ESQUIMALT+HARBOUR",1994,2026
"BUI","07-08",2001-07-08,46.5588235294118,29.5126044857009,122.9,NA,161.1,2022-10-22,NA,7,"1012710","ESQUIMALT+HARBOUR",1994,2026
"BUI","07-09",2001-07-09,44.5235294117647,29.3182010322036,125.1,NA,161.1,2022-10-22,NA,7,"1012710","ESQUIMALT+HARBOUR",1994,2026
"BUI","07-10",2001-07-10,45.4352941176471,29.5942338382089,126.8,NA,161.1,2022-10-22,NA,7,"1012710","ESQUIMALT+HARBOUR",1994,2026
"BUI","07-11",2001-07-11,46.3647058823529,30.0029986246473,127.6,NA,161.1,2022-10-22,NA,7,"1012710","ESQUIMALT+HARBOUR",1994,2026
"BUI","07-12",2001-07-12,47.8235294117647,30.0041149138698,128.2,NA,161.1,2022-10-22,NA,7,"1012710","ESQUIMALT+HARBOUR",1994,2026
"BUI","07-13",2001-07-13,49.3352941176471,30.6187838829466,131.7,NA,161.1,2022-10-22,NA,7,"1012710","ESQUIMALT+HARBOUR",1994,2026
"BUI","07-14",2001-07-14,50.7117647058823,30.9145370811399,133.3,NA,161.1,2022-10-22,NA,7,"1012710","ESQUIMALT+HARBOUR",1994,2026
"BUI","07-15",2001-07-15,51.5705882352941,32.1029937214951,135.9,NA,161.1,2022-10-22,NA,7,"1012710","ESQUIMALT+HARBOUR",1994,2026
"BUI","07-16",2001-07-16,50.4117647058824,34.0968635352458,138.3,NA,161.1,2022-10-22,NA,7,"1012710","ESQUIMALT+HARBOUR",1994,2026
"BUI","07-17",2001-07-17,49.6647058823529,34.4777635073766,139.6,NA,161.1,2022-10-22,NA,7,"1012710","ESQUIMALT+HARBOUR",1994,2026
"BUI","07-18",2001-07-18,51.2176470588235,34.7112956271823,140.6,NA,161.1,2022-10-22,NA,7,"1012710","ESQUIMALT+HARBOUR",1994,2026
"BUI","07-19",2001-07-19,52.2,35.1856860100809,142.9,NA,161.1,2022-10-22,NA,7,"1012710","ESQUIMALT+HARBOUR",1994,2026
"BUI","07-20",2001-07-20,53.3823529411765,35.9438317951446,145.4,NA,161.1,2022-10-22,NA,7,"1012710","ESQUIMALT+HARBOUR",1994,2026
"BUI","07-21",2001-07-21,54.5823529411765,36.3515514678211,148.3,NA,161.1,2022-10-22,NA,7,"1012710","ESQUIMALT+HARBOUR",1994,2026
"BUI","07-22",2001-07-22,56.3705882352941,36.1940907591606,150.7,NA,161.1,2022-10-22,NA,7,"1012710","ESQUIMALT+HARBOUR",1994,2026
"BUI","07-23",2001-07-23,57.9,36.4333123665691,152.9,NA,161.1,2022-10-22,NA,7,"1012710","ESQUIMALT+HARBOUR",1994,2026
"BUI","07-24",2001-07-24,56.2352941176471,29.9620789744401,120.9,NA,161.1,2022-10-22,NA,7,"1012710","ESQUIMALT+HARBOUR",1994,2026
"BUI","07-25",2001-07-25,56.1882352941176,30.9470491798681,123.2,NA,161.1,2022-10-22,NA,7,"1012710","ESQUIMALT+HARBOUR",1994,2026
"BUI","07-26",2001-07-26,56.7823529411765,32.4019913603724,125.2,NA,161.1,2022-10-22,NA,7,"1012710","ESQUIMALT+HARBOUR",1994,2026
"BUI","07-27",2001-07-27,56.0882352941177,28.5419621424522,124.3,NA,161.1,2022-10-22,NA,7,"1012710","ESQUIMALT+HARBOUR",1994,2026
"BUI","07-28",2001-07-28,57.6176470588235,28.8272925214569,125.2,NA,161.1,2022-10-22,NA,7,"1012710","ESQUIMALT+HARBOUR",1994,2026
"BUI","07-29",2001-07-29,59.1529411764706,28.7589359514364,127.2,NA,161.1,2022-10-22,NA,7,"1012710","ESQUIMALT+HARBOUR",1994,2026
"BUI","07-30",2001-07-30,60.8294117647059,29.0682981249738,129.4,NA,161.1,2022-10-22,NA,7,"1012710","ESQUIMALT+HARBOUR",1994,2026
"BUI","07-31",2001-07-31,62.4117647058824,29.4183378684313,130.8,NA,161.1,2022-10-22,NA,7,"1012710","ESQUIMALT+HARBOUR",1994,2026
"BUI","08-01",2001-08-01,63.6588235294118,29.6559028446178,131.8,NA,161.1,2022-10-22,NA,8,"1012710","ESQUIMALT+HARBOUR",1994,2026
"BUI","08-02",2001-08-02,61.7235294117647,31.8395494906053,132.9,NA,161.1,2022-10-22,NA,8,"1012710","ESQUIMALT+HARBOUR",1994,2026
"BUI","08-03",2001-08-03,62.6235294117647,31.7516836051997,134.9,NA,161.1,2022-10-22,NA,8,"1012710","ESQUIMALT+HARBOUR",1994,2026
"BUI","08-04",2001-08-04,64.0705882352941,31.6876112366072,136.2,NA,161.1,2022-10-22,NA,8,"1012710","ESQUIMALT+HARBOUR",1994,2026
"BUI","08-05",2001-08-05,64.7176470588235,33.0115365306986,138.7,NA,161.1,2022-10-22,NA,8,"1012710","ESQUIMALT+HARBOUR",1994,2026
"BUI","08-06",2001-08-06,62.0588235294118,35.4621463469065,141.1,NA,161.1,2022-10-22,NA,8,"1012710","ESQUIMALT+HARBOUR",1994,2026
"BUI","08-07",2001-08-07,61.7941176470588,36.5229973884304,123.6,NA,161.1,2022-10-22,NA,8,"1012710","ESQUIMALT+HARBOUR",1994,2026
"BUI","08-08",2001-08-08,62,37.2366754692199,124.7,NA,161.1,2022-10-22,NA,8,"1012710","ESQUIMALT+HARBOUR",1994,2026
"BUI","08-09",2001-08-09,63.5882352941176,36.7709444118747,125.7,NA,161.1,2022-10-22,NA,8,"1012710","ESQUIMALT+HARBOUR",1994,2026
"BUI","08-10",2001-08-10,64.3058823529412,37.3725914037988,126.7,NA,161.1,2022-10-22,NA,8,"1012710","ESQUIMALT+HARBOUR",1994,2026
"BUI","08-11",2001-08-11,65.7529411764706,37.4605812429389,129,NA,161.1,2022-10-22,NA,8,"1012710","ESQUIMALT+HARBOUR",1994,2026
"BUI","08-12",2001-08-12,66.6058823529412,37.0048218241258,129.8,NA,161.1,2022-10-22,NA,8,"1012710","ESQUIMALT+HARBOUR",1994,2026
"BUI","08-13",2001-08-13,63.8470588235294,32.9463032381301,118.1,NA,161.1,2022-10-22,NA,8,"1012710","ESQUIMALT+HARBOUR",1994,2026
"BUI","08-14",2001-08-14,64.9294117647059,33.2833998546175,119.3,NA,161.1,2022-10-22,NA,8,"1012710","ESQUIMALT+HARBOUR",1994,2026
"BUI","08-15",2001-08-15,65.6705882352941,34.4254042224976,122.1,NA,161.1,2022-10-22,NA,8,"1012710","ESQUIMALT+HARBOUR",1994,2026
"BUI","08-16",2001-08-16,66.9529411764706,34.5177511877414,122.7,NA,161.1,2022-10-22,NA,8,"1012710","ESQUIMALT+HARBOUR",1994,2026
"BUI","08-17",2001-08-17,67.8117647058824,35.5183910522588,124.1,NA,161.1,2022-10-22,NA,8,"1012710","ESQUIMALT+HARBOUR",1994,2026
"BUI","08-18",2001-08-18,68.864705882353,35.9385228754687,125.3,NA,161.1,2022-10-22,NA,8,"1012710","ESQUIMALT+HARBOUR",1994,2026
"BUI","08-19",2001-08-19,70.1705882352941,36.3942949633916,126.9,NA,161.1,2022-10-22,NA,8,"1012710","ESQUIMALT+HARBOUR",1994,2026
"BUI","08-20",2001-08-20,70.1882352941176,37.137765185067,127.8,NA,161.1,2022-10-22,NA,8,"1012710","ESQUIMALT+HARBOUR",1994,2026
"BUI","08-21",2001-08-21,70.135294117647,37.6280138523227,129.4,NA,161.1,2022-10-22,NA,8,"1012710","ESQUIMALT+HARBOUR",1994,2026
"BUI","08-22",2001-08-22,68.4941176470588,38.7490720951521,131.1,NA,161.1,2022-10-22,NA,8,"1012710","ESQUIMALT+HARBOUR",1994,2026
"BUI","08-23",2001-08-23,68.7529411764706,39.4575898536495,132.9,NA,161.1,2022-10-22,NA,8,"1012710","ESQUIMALT+HARBOUR",1994,2026
"BUI","08-24",2001-08-24,69.3764705882353,40.0695727674342,135,NA,161.1,2022-10-22,NA,8,"1012710","ESQUIMALT+HARBOUR",1994,2026
"BUI","08-25",2001-08-25,70.5294117647059,40.119832450826,135.8,NA,161.1,2022-10-22,NA,8,"1012710","ESQUIMALT+HARBOUR",1994,2026
"BUI","08-26",2001-08-26,70.5882352941176,41.3355307567373,136.5,NA,161.1,2022-10-22,NA,8,"1012710","ESQUIMALT+HARBOUR",1994,2026
"BUI","08-27",2001-08-27,71.8411764705882,41.7061005553074,138.2,NA,161.1,2022-10-22,NA,8,"1012710","ESQUIMALT+HARBOUR",1994,2026
"BUI","08-28",2001-08-28,67.0941176470588,38.3697711517191,135.7,NA,161.1,2022-10-22,NA,8,"1012710","ESQUIMALT+HARBOUR",1994,2026
"BUI","08-29",2001-08-29,66.8823529411765,38.5269099996048,137.4,NA,161.1,2022-10-22,NA,8,"1012710","ESQUIMALT+HARBOUR",1994,2026
"BUI","08-30",2001-08-30,65.7117647058823,39.1992646989861,139.4,NA,161.1,2022-10-22,NA,8,"1012710","ESQUIMALT+HARBOUR",1994,2026
"BUI","08-31",2001-08-31,63.3588235294118,40.3385215833378,141,NA,161.1,2022-10-22,NA,8,"1012710","ESQUIMALT+HARBOUR",1994,2026
"BUI","09-01",2001-09-01,62.7705882352941,41.7253185234379,142.6,NA,161.1,2022-10-22,NA,9,"1012710","ESQUIMALT+HARBOUR",1994,2026
"BUI","09-02",2001-09-02,61.6705882352941,40.3077034310112,143.8,NA,161.1,2022-10-22,NA,9,"1012710","ESQUIMALT+HARBOUR",1994,2026
"BUI","09-03",2001-09-03,56.0529411764706,39.5813105778324,144.8,NA,161.1,2022-10-22,NA,9,"1012710","ESQUIMALT+HARBOUR",1994,2026
"BUI","09-04",2001-09-04,56.3764705882353,40.3331676386161,145.8,NA,161.1,2022-10-22,NA,9,"1012710","ESQUIMALT+HARBOUR",1994,2026
"BUI","09-05",2001-09-05,56.1588235294118,40.9665116104534,146.8,NA,161.1,2022-10-22,NA,9,"1012710","ESQUIMALT+HARBOUR",1994,2026
"BUI","09-06",2001-09-06,54.3705882352941,41.5896886966271,148.2,NA,161.1,2022-10-22,NA,9,"1012710","ESQUIMALT+HARBOUR",1994,2026
"BUI","09-07",2001-09-07,55.0176470588235,42.1597147063123,148.9,NA,161.1,2022-10-22,NA,9,"1012710","ESQUIMALT+HARBOUR",1994,2026
"BUI","09-08",2001-09-08,50.7764705882353,36.5230326200427,147.3,NA,161.1,2022-10-22,NA,9,"1012710","ESQUIMALT+HARBOUR",1994,2026
"BUI","09-09",2001-09-09,47.9941176470588,31.5684270788916,133.8,NA,161.1,2022-10-22,NA,9,"1012710","ESQUIMALT+HARBOUR",1994,2026
"BUI","09-10",2001-09-10,47.9941176470588,30.2450713048472,135.9,NA,161.1,2022-10-22,NA,9,"1012710","ESQUIMALT+HARBOUR",1994,2026
"BUI","09-11",2001-09-11,49.3294117647059,29.980989074451,136.3,NA,161.1,2022-10-22,NA,9,"1012710","ESQUIMALT+HARBOUR",1994,2026
"BUI","09-12",2001-09-12,50.3294117647059,30.4884971076364,122.5,NA,161.1,2022-10-22,NA,9,"1012710","ESQUIMALT+HARBOUR",1994,2026
"BUI","09-13",2001-09-13,49.3470588235294,30.8566264691852,123.2,NA,161.1,2022-10-22,NA,9,"1012710","ESQUIMALT+HARBOUR",1994,2026
"BUI","09-14",2001-09-14,47.4294117647059,33.0804278370512,124.2,NA,161.1,2022-10-22,NA,9,"1012710","ESQUIMALT+HARBOUR",1994,2026
"BUI","09-15",2001-09-15,46.1235294117647,33.3670595312908,125.5,NA,161.1,2022-10-22,NA,9,"1012710","ESQUIMALT+HARBOUR",1994,2026
"BUI","09-16",2001-09-16,43.9705882352941,33.7398644911676,127,NA,161.1,2022-10-22,NA,9,"1012710","ESQUIMALT+HARBOUR",1994,2026
"BUI","09-17",2001-09-17,41.1117647058824,31.6121788705109,127.6,NA,161.1,2022-10-22,NA,9,"1012710","ESQUIMALT+HARBOUR",1994,2026
"BUI","09-18",2001-09-18,39.1941176470588,29.1820036706751,128.8,NA,161.1,2022-10-22,NA,9,"1012710","ESQUIMALT+HARBOUR",1994,2026
"BUI","09-19",2001-09-19,38.6235294117647,27.8459945371809,131.2,NA,161.1,2022-10-22,NA,9,"1012710","ESQUIMALT+HARBOUR",1994,2026
"BUI","09-20",2001-09-20,39.3411764705882,27.8651228873912,134.4,NA,161.1,2022-10-22,NA,9,"1012710","ESQUIMALT+HARBOUR",1994,2026
"BUI","09-21",2001-09-21,39.2882352941177,27.9244937812877,135.5,NA,161.1,2022-10-22,NA,9,"1012710","ESQUIMALT+HARBOUR",1994,2026
"BUI","09-22",2001-09-22,37.1117647058824,27.7917227415138,136.4,NA,161.1,2022-10-22,NA,9,"1012710","ESQUIMALT+HARBOUR",1994,2026
"BUI","09-23",2001-09-23,35.7823529411765,27.7975996107154,137.4,NA,161.1,2022-10-22,NA,9,"1012710","ESQUIMALT+HARBOUR",1994,2026
"BUI","09-24",2001-09-24,33.9058823529412,28.2621317001265,138.1,NA,161.1,2022-10-22,NA,9,"1012710","ESQUIMALT+HARBOUR",1994,2026
"BUI","09-25",2001-09-25,30.1470588235294,24.2929289518334,138.8,NA,161.1,2022-10-22,NA,9,"1012710","ESQUIMALT+HARBOUR",1994,2026
"BUI","09-26",2001-09-26,29.2294117647059,25.4845728997437,139.7,NA,161.1,2022-10-22,NA,9,"1012710","ESQUIMALT+HARBOUR",1994,2026
"BUI","09-27",2001-09-27,28.8882352941176,26.136800740358,140.7,NA,161.1,2022-10-22,NA,9,"1012710","ESQUIMALT+HARBOUR",1994,2026
"BUI","09-28",2001-09-28,29.9588235294118,26.202315232235,141.4,NA,161.1,2022-10-22,NA,9,"1012710","ESQUIMALT+HARBOUR",1994,2026
"BUI","09-29",2001-09-29,31.1470588235294,25.8692654912895,142.7,NA,161.1,2022-10-22,NA,9,"1012710","ESQUIMALT+HARBOUR",1994,2026
"BUI","09-30",2001-09-30,29.7235294117647,24.668591604806,143.2,NA,161.1,2022-10-22,NA,9,"1012710","ESQUIMALT+HARBOUR",1994,2026
"BUI","10-01",2001-10-01,29.5,24.7981719756383,143.9,NA,161.1,2022-10-22,NA,10,"1012710","ESQUIMALT+HARBOUR",1994,2026
"BUI","10-02",2001-10-02,29.675,25.2128670854123,144.5,NA,161.1,2022-10-22,NA,10,"1012710","ESQUIMALT+HARBOUR",1994,2026
"BUI","10-03",2001-10-03,28.3411764705882,25.387055235482,145.5,NA,161.1,2022-10-22,NA,10,"1012710","ESQUIMALT+HARBOUR",1994,2026
"BUI","10-04",2001-10-04,27.8529411764706,26.0989012615249,146,NA,161.1,2022-10-22,NA,10,"1012710","ESQUIMALT+HARBOUR",1994,2026
"BUI","10-05",2001-10-05,27.8235294117647,26.4713885499931,146.6,NA,161.1,2022-10-22,NA,10,"1012710","ESQUIMALT+HARBOUR",1994,2026
"BUI","10-06",2001-10-06,27.6588235294118,27.0630527385477,147,NA,161.1,2022-10-22,NA,10,"1012710","ESQUIMALT+HARBOUR",1994,2026
"BUI","10-07",2001-10-07,23.1941176470588,25.3625824441301,148.1,NA,161.1,2022-10-22,NA,10,"1012710","ESQUIMALT+HARBOUR",1994,2026
"BUI","10-08",2001-10-08,21.375,27.0722120756075,148.7,NA,161.1,2022-10-22,NA,10,"1012710","ESQUIMALT+HARBOUR",1994,2026
"BUI","10-09",2001-10-09,21.525,27.2211070066349,149.2,NA,161.1,2022-10-22,NA,10,"1012710","ESQUIMALT+HARBOUR",1994,2026
"BUI","10-10",2001-10-10,20.8764705882353,26.727666597829,150.4,NA,161.1,2022-10-22,NA,10,"1012710","ESQUIMALT+HARBOUR",1994,2026
"BUI","10-11",2001-10-11,20.3823529411765,26.9910224726231,151.2,NA,161.1,2022-10-22,NA,10,"1012710","ESQUIMALT+HARBOUR",1994,2026
"BUI","10-12",2001-10-12,18.8235294117647,26.6656738479399,151.8,NA,161.1,2022-10-22,NA,10,"1012710","ESQUIMALT+HARBOUR",1994,2026
"BUI","10-13",2001-10-13,14.4176470588235,22.3923880842943,152.3,NA,161.1,2022-10-22,NA,10,"1012710","ESQUIMALT+HARBOUR",1994,2026
"BUI","10-14",2001-10-14,12.3,21.2395268308877,153,NA,161.1,2022-10-22,NA,10,"1012710","ESQUIMALT+HARBOUR",1994,2026
"BUI","10-15",2001-10-15,12.2764705882353,21.2561323331575,155.3,NA,161.1,2022-10-22,NA,10,"1012710","ESQUIMALT+HARBOUR",1994,2026
"BUI","10-16",2001-10-16,12.6176470588235,21.4442368509035,157.7,NA,161.1,2022-10-22,NA,10,"1012710","ESQUIMALT+HARBOUR",1994,2026
"BUI","10-17",2001-10-17,11.5,20.9291662519079,158.6,NA,161.1,2022-10-22,NA,10,"1012710","ESQUIMALT+HARBOUR",1994,2026
"BUI","10-18",2001-10-18,11.1058823529412,20.9474482511664,158.9,NA,161.1,2022-10-22,NA,10,"1012710","ESQUIMALT+HARBOUR",1994,2026
"BUI","10-19",2001-10-19,10.9411764705882,21.1261703469751,159.4,NA,161.1,2022-10-22,NA,10,"1012710","ESQUIMALT+HARBOUR",1994,2026
"BUI","10-20",2001-10-20,9.64117647058824,16.2800130076549,159.8,NA,161.1,2022-10-22,NA,10,"1012710","ESQUIMALT+HARBOUR",1994,2026
"BUI","10-21",2001-10-21,9.56470588235294,16.609972199573,160.5,NA,161.1,2022-10-22,NA,10,"1012710","ESQUIMALT+HARBOUR",1994,2026
"BUI","10-22",2001-10-22,9.67058823529412,16.6869621526014,161.1,NA,161.1,2022-10-22,NA,10,"1012710","ESQUIMALT+HARBOUR",1994,2026
"BUI","10-23",2001-10-23,8.87058823529412,14.1530811444842,153.8,NA,161.1,2022-10-22,NA,10,"1012710","ESQUIMALT+HARBOUR",1994,2026
"BUI","10-24",2001-10-24,9.48823529411765,14.1071295074929,88.9,NA,161.1,2022-10-22,NA,10,"1012710","ESQUIMALT+HARBOUR",1994,2026
"BUI","10-25",2001-10-25,9.75882352941177,14.1935310451421,76.3,NA,161.1,2022-10-22,NA,10,"1012710","ESQUIMALT+HARBOUR",1994,2026
"BUI","10-26",2001-10-26,7.83529411764706,10.0527322888152,77,NA,161.1,2022-10-22,NA,10,"1012710","ESQUIMALT+HARBOUR",1994,2026
"BUI","10-27",2001-10-27,8.60588235294118,10.0837412816521,68.4,NA,161.1,2022-10-22,NA,10,"1012710","ESQUIMALT+HARBOUR",1994,2026
"BUI","10-28",2001-10-28,6.91764705882353,8.89685585573056,37.4,NA,161.1,2022-10-22,NA,10,"1012710","ESQUIMALT+HARBOUR",1994,2026
"BUI","10-29",2001-10-29,6.31176470588235,8.28408733302447,33.3,NA,161.1,2022-10-22,NA,10,"1012710","ESQUIMALT+HARBOUR",1994,2026
"BUI","10-30",2001-10-30,6.53529411764706,8.56810518554647,33.7,NA,161.1,2022-10-22,NA,10,"1012710","ESQUIMALT+HARBOUR",1994,2026
"BUI","10-31",2001-10-31,6.14117647058824,8.17359000252715,32.5,NA,161.1,2022-10-22,NA,10,"1012710","ESQUIMALT+HARBOUR",1994,2026
"DC","04-01",2001-04-01,44.99,86.3491935238669,288.2,16.9,988,2015-08-27,NA,4,"1012710","ESQUIMALT+HARBOUR",1994,2026
"DC","04-02",2001-04-02,47.81,86.3752079913881,291,19.8,988,2015-08-27,NA,4,"1012710","ESQUIMALT+HARBOUR",1994,2026
"DC","04-03",2001-04-03,50.46,86.3859067723948,293.6,22.4,988,2015-08-27,NA,4,"1012710","ESQUIMALT+HARBOUR",1994,2026
"DC","04-04",2001-04-04,52.34,86.6901404108013,296.4,25.3,988,2015-08-27,NA,4,"1012710","ESQUIMALT+HARBOUR",1994,2026
"DC","04-05",2001-04-05,51.74,87.8961912965769,299.2,29,988,2015-08-27,NA,4,"1012710","ESQUIMALT+HARBOUR",1994,2026
"DC","04-06",2001-04-06,53.66,88.1520050821307,301.8,32,988,2015-08-27,NA,4,"1012710","ESQUIMALT+HARBOUR",1994,2026
"DC","04-07",2001-04-07,55.54,88.8107375890501,304.9,34.7,988,2015-08-27,NA,4,"1012710","ESQUIMALT+HARBOUR",1994,2026
"DC","04-08",2001-04-08,58.48,88.7831290279859,307.7,37.9,988,2015-08-27,NA,4,"1012710","ESQUIMALT+HARBOUR",1994,2026
"DC","04-09",2001-04-09,60.18,88.7964814117717,310.4,41.4,988,2015-08-27,NA,4,"1012710","ESQUIMALT+HARBOUR",1994,2026
"DC","04-10",2001-04-10,61.54,89.213628754555,313.1,44.4,988,2015-08-27,NA,4,"1012710","ESQUIMALT+HARBOUR",1994,2026
"DC","04-11",2001-04-11,63.7,87.2234423127687,309.5,47.3,988,2015-08-27,NA,4,"1012710","ESQUIMALT+HARBOUR",1994,2026
"DC","04-12",2001-04-12,65.92,87.51207916625,312.1,50.1,988,2015-08-27,NA,4,"1012710","ESQUIMALT+HARBOUR",1994,2026
"DC","04-13",2001-04-13,66.22,88.3831532464065,314.4,53,988,2015-08-27,NA,4,"1012710","ESQUIMALT+HARBOUR",1994,2026
"DC","04-14",2001-04-14,67.58,88.9918198487928,317,51.1,988,2015-08-27,NA,4,"1012710","ESQUIMALT+HARBOUR",1994,2026
"DC","04-15",2001-04-15,65.6090909090909,85.9626716028004,319.9,50.8,988,2015-08-27,NA,4,"1012710","ESQUIMALT+HARBOUR",1994,2026
"DC","04-16",2001-04-16,71.9833333333333,83.9592198990713,322.5,49.2,988,2015-08-27,NA,4,"1012710","ESQUIMALT+HARBOUR",1994,2026
"DC","04-17",2001-04-17,73.5916666666667,84.7496254572934,326,51.8,988,2015-08-27,NA,4,"1012710","ESQUIMALT+HARBOUR",1994,2026
"DC","04-18",2001-04-18,75.5166666666667,84.9631988069844,328.9,55.1,988,2015-08-27,NA,4,"1012710","ESQUIMALT+HARBOUR",1994,2026
"DC","04-19",2001-04-19,77.4333333333333,85.3111666284968,331.9,59,988,2015-08-27,NA,4,"1012710","ESQUIMALT+HARBOUR",1994,2026
"DC","04-20",2001-04-20,77.7583333333333,86.9913627722298,334.9,62.3,988,2015-08-27,NA,4,"1012710","ESQUIMALT+HARBOUR",1994,2026
"DC","04-21",2001-04-21,80.5666666666667,87.2051847221497,338.1,65.6,988,2015-08-27,NA,4,"1012710","ESQUIMALT+HARBOUR",1994,2026
"DC","04-22",2001-04-22,81.8833333333333,87.2798095295536,341.3,68.9,988,2015-08-27,NA,4,"1012710","ESQUIMALT+HARBOUR",1994,2026
"DC","04-23",2001-04-23,76.2538461538462,83.9367978043065,344.1,71.8,988,2015-08-27,NA,4,"1012710","ESQUIMALT+HARBOUR",1994,2026
"DC","04-24",2001-04-24,75.0615384615385,81.6349347038544,334.3,74.5,988,2015-08-27,NA,4,"1012710","ESQUIMALT+HARBOUR",1994,2026
"DC","04-25",2001-04-25,75.9923076923077,81.865941855557,336.8,77.5,988,2015-08-27,NA,4,"1012710","ESQUIMALT+HARBOUR",1994,2026
"DC","04-26",2001-04-26,78.5923076923077,81.8267525684445,339.8,80.7,988,2015-08-27,NA,4,"1012710","ESQUIMALT+HARBOUR",1994,2026
"DC","04-27",2001-04-27,81.4153846153846,82.0904262196456,343.3,83.7,988,2015-08-27,NA,4,"1012710","ESQUIMALT+HARBOUR",1994,2026
"DC","04-28",2001-04-28,83.7153846153846,82.4412300384729,346.2,87.1,988,2015-08-27,NA,4,"1012710","ESQUIMALT+HARBOUR",1994,2026
"DC","04-29",2001-04-29,86.8384615384615,82.4022808994745,349,90,988,2015-08-27,NA,4,"1012710","ESQUIMALT+HARBOUR",1994,2026
"DC","04-30",2001-04-30,89.1461538461539,83.0272406641802,352.1,93,988,2015-08-27,NA,4,"1012710","ESQUIMALT+HARBOUR",1994,2026
"DC","05-01",2001-05-01,93.5846153846154,83.4026163274055,357,97.9,988,2015-08-27,NA,5,"1012710","ESQUIMALT+HARBOUR",1994,2026
"DC","05-02",2001-05-02,98.3230769230769,83.4301619504416,361.4,103,988,2015-08-27,NA,5,"1012710","ESQUIMALT+HARBOUR",1994,2026
"DC","05-03",2001-05-03,102.738461538462,83.4856827891419,365.8,NA,988,2015-08-27,NA,5,"1012710","ESQUIMALT+HARBOUR",1994,2026
"DC","05-04",2001-05-04,106.607692307692,83.9835843239465,370.6,NA,988,2015-08-27,NA,5,"1012710","ESQUIMALT+HARBOUR",1994,2026
"DC","05-05",2001-05-05,106.585714285714,82.9606010024115,375.1,NA,988,2015-08-27,NA,5,"1012710","ESQUIMALT+HARBOUR",1994,2026
"DC","05-06",2001-05-06,110.857142857143,83.0324284591519,379.3,NA,988,2015-08-27,NA,5,"1012710","ESQUIMALT+HARBOUR",1994,2026
"DC","05-07",2001-05-07,113.433333333333,80.4052029825599,383.9,NA,988,2015-08-27,NA,5,"1012710","ESQUIMALT+HARBOUR",1994,2026
"DC","05-08",2001-05-08,117.013333333333,80.8954251458252,388.9,NA,988,2015-08-27,NA,5,"1012710","ESQUIMALT+HARBOUR",1994,2026
"DC","05-09",2001-05-09,120.353333333333,81.824593462101,393.8,NA,988,2015-08-27,NA,5,"1012710","ESQUIMALT+HARBOUR",1994,2026
"DC","05-10",2001-05-10,124.78,82.0834349044573,398.9,NA,988,2015-08-27,NA,5,"1012710","ESQUIMALT+HARBOUR",1994,2026
"DC","05-11",2001-05-11,128.893333333333,82.2682760126602,403.7,NA,988,2015-08-27,NA,5,"1012710","ESQUIMALT+HARBOUR",1994,2026
"DC","05-12",2001-05-12,131.806666666667,82.6529445216275,408.4,NA,988,2015-08-27,NA,5,"1012710","ESQUIMALT+HARBOUR",1994,2026
"DC","05-13",2001-05-13,136.12,82.6760131045102,413.4,NA,988,2015-08-27,NA,5,"1012710","ESQUIMALT+HARBOUR",1994,2026
"DC","05-14",2001-05-14,140.486666666667,82.7838395777708,417.9,NA,988,2015-08-27,NA,5,"1012710","ESQUIMALT+HARBOUR",1994,2026
"DC","05-15",2001-05-15,145.26,82.7397192577854,422.7,NA,988,2015-08-27,NA,5,"1012710","ESQUIMALT+HARBOUR",1994,2026
"DC","05-16",2001-05-16,145.00625,82.0946483740972,427.6,NA,988,2015-08-27,NA,5,"1012710","ESQUIMALT+HARBOUR",1994,2026
"DC","05-17",2001-05-17,147.7875,83.0593432432499,432.4,NA,988,2015-08-27,NA,5,"1012710","ESQUIMALT+HARBOUR",1994,2026
"DC","05-18",2001-05-18,152.48125,83.1817625744971,437.3,NA,988,2015-08-27,NA,5,"1012710","ESQUIMALT+HARBOUR",1994,2026
"DC","05-19",2001-05-19,157.23125,83.2387147005526,442.3,NA,988,2015-08-27,NA,5,"1012710","ESQUIMALT+HARBOUR",1994,2026
"DC","05-20",2001-05-20,161.94375,83.2410633341502,446.9,NA,988,2015-08-27,NA,5,"1012710","ESQUIMALT+HARBOUR",1994,2026
"DC","05-21",2001-05-21,163.5875,83.8915480446829,451.9,NA,988,2015-08-27,NA,5,"1012710","ESQUIMALT+HARBOUR",1994,2026
"DC","05-22",2001-05-22,168.36875,83.9336143925662,456.9,NA,988,2015-08-27,NA,5,"1012710","ESQUIMALT+HARBOUR",1994,2026
"DC","05-23",2001-05-23,171.025,85.0754136046367,461.5,NA,988,2015-08-27,NA,5,"1012710","ESQUIMALT+HARBOUR",1994,2026
"DC","05-24",2001-05-24,175.925,85.0867596437111,466.4,NA,988,2015-08-27,NA,5,"1012710","ESQUIMALT+HARBOUR",1994,2026
"DC","05-25",2001-05-25,177.38125,85.0770413115861,470.9,NA,988,2015-08-27,NA,5,"1012710","ESQUIMALT+HARBOUR",1994,2026
"DC","05-26",2001-05-26,180.39375,85.9455445325702,475.7,NA,988,2015-08-27,NA,5,"1012710","ESQUIMALT+HARBOUR",1994,2026
"DC","05-27",2001-05-27,183.11875,85.7728800865013,480.4,NA,988,2015-08-27,NA,5,"1012710","ESQUIMALT+HARBOUR",1994,2026
"DC","05-28",2001-05-28,183.73125,86.4819728324927,485.2,NA,988,2015-08-27,NA,5,"1012710","ESQUIMALT+HARBOUR",1994,2026
"DC","05-29",2001-05-29,186.4875,87.4085569800425,490.1,NA,988,2015-08-27,NA,5,"1012710","ESQUIMALT+HARBOUR",1994,2026
"DC","05-30",2001-05-30,190.8875,87.7490883143523,495.1,NA,988,2015-08-27,NA,5,"1012710","ESQUIMALT+HARBOUR",1994,2026
"DC","05-31",2001-05-31,192.075,90.6064714392226,499.7,NA,988,2015-08-27,NA,5,"1012710","ESQUIMALT+HARBOUR",1994,2026
"DC","06-01",2001-06-01,197.46875,90.9329475951007,505.7,NA,988,2015-08-27,NA,6,"1012710","ESQUIMALT+HARBOUR",1994,2026
"DC","06-02",2001-06-02,201.55,90.9984029163882,511.9,NA,988,2015-08-27,NA,6,"1012710","ESQUIMALT+HARBOUR",1994,2026
"DC","06-03",2001-06-03,207.35625,91.1074820838918,518,NA,988,2015-08-27,NA,6,"1012710","ESQUIMALT+HARBOUR",1994,2026
"DC","06-04",2001-06-04,205.441176470588,93.8248638343239,523.7,NA,988,2015-08-27,NA,6,"1012710","ESQUIMALT+HARBOUR",1994,2026
"DC","06-05",2001-06-05,210.876470588235,94.3954416895472,529.8,NA,988,2015-08-27,NA,6,"1012710","ESQUIMALT+HARBOUR",1994,2026
"DC","06-06",2001-06-06,216.388235294118,94.8075411185269,535.9,NA,988,2015-08-27,NA,6,"1012710","ESQUIMALT+HARBOUR",1994,2026
"DC","06-07",2001-06-07,221.882352941176,95.0368956990791,542.2,NA,988,2015-08-27,NA,6,"1012710","ESQUIMALT+HARBOUR",1994,2026
"DC","06-08",2001-06-08,226.970588235294,95.3539181464629,548.6,NA,988,2015-08-27,NA,6,"1012710","ESQUIMALT+HARBOUR",1994,2026
"DC","06-09",2001-06-09,229.352941176471,96.6052477718412,554.6,NA,988,2015-08-27,NA,6,"1012710","ESQUIMALT+HARBOUR",1994,2026
"DC","06-10",2001-06-10,233.370588235294,96.1307817812919,560.6,NA,988,2015-08-27,NA,6,"1012710","ESQUIMALT+HARBOUR",1994,2026
"DC","06-11",2001-06-11,239.317647058824,96.3480489896793,567.1,NA,988,2015-08-27,NA,6,"1012710","ESQUIMALT+HARBOUR",1994,2026
"DC","06-12",2001-06-12,244.682352941176,96.6226502644056,573.7,NA,988,2015-08-27,NA,6,"1012710","ESQUIMALT+HARBOUR",1994,2026
"DC","06-13",2001-06-13,255.282352941176,98.6630518183867,579.7,NA,988,2015-08-27,NA,6,"1012710","ESQUIMALT+HARBOUR",1994,2026
"DC","06-14",2001-06-14,259.982352941176,97.7458134352446,585.4,NA,988,2015-08-27,NA,6,"1012710","ESQUIMALT+HARBOUR",1994,2026
"DC","06-15",2001-06-15,264.747058823529,98.4172756535093,591.6,NA,988,2015-08-27,NA,6,"1012710","ESQUIMALT+HARBOUR",1994,2026
"DC","06-16",2001-06-16,269.682352941176,99.5124441671374,598.2,NA,988,2015-08-27,NA,6,"1012710","ESQUIMALT+HARBOUR",1994,2026
"DC","06-17",2001-06-17,274.941176470588,99.4706178905581,604.5,NA,988,2015-08-27,NA,6,"1012710","ESQUIMALT+HARBOUR",1994,2026
"DC","06-18",2001-06-18,278.729411764706,99.4554282373886,611.4,NA,988,2015-08-27,NA,6,"1012710","ESQUIMALT+HARBOUR",1994,2026
"DC","06-19",2001-06-19,283.288235294118,97.6425104805339,605.4,NA,988,2015-08-27,NA,6,"1012710","ESQUIMALT+HARBOUR",1994,2026
"DC","06-20",2001-06-20,288.894117647059,98.0788743218196,611.3,NA,988,2015-08-27,NA,6,"1012710","ESQUIMALT+HARBOUR",1994,2026
"DC","06-21",2001-06-21,294.852941176471,98.194896237324,617.3,NA,988,2015-08-27,NA,6,"1012710","ESQUIMALT+HARBOUR",1994,2026
"DC","06-22",2001-06-22,300.782352941177,98.4506807702092,624,NA,988,2015-08-27,NA,6,"1012710","ESQUIMALT+HARBOUR",1994,2026
"DC","06-23",2001-06-23,301.135294117647,99.8802153905897,629.9,NA,988,2015-08-27,NA,6,"1012710","ESQUIMALT+HARBOUR",1994,2026
"DC","06-24",2001-06-24,304.735294117647,100.459232659177,637,NA,988,2015-08-27,NA,6,"1012710","ESQUIMALT+HARBOUR",1994,2026
"DC","06-25",2001-06-25,310,100.580608220472,643.8,NA,988,2015-08-27,NA,6,"1012710","ESQUIMALT+HARBOUR",1994,2026
"DC","06-26",2001-06-26,316.164705882353,100.808326424312,650.3,NA,988,2015-08-27,NA,6,"1012710","ESQUIMALT+HARBOUR",1994,2026
"DC","06-27",2001-06-27,319.482352941176,100.999735366572,656.9,NA,988,2015-08-27,NA,6,"1012710","ESQUIMALT+HARBOUR",1994,2026
"DC","06-28",2001-06-28,320.611764705882,106.526122866371,663.6,NA,988,2015-08-27,NA,6,"1012710","ESQUIMALT+HARBOUR",1994,2026
"DC","06-29",2001-06-29,326.929411764706,106.989454881695,671.5,NA,988,2015-08-27,NA,6,"1012710","ESQUIMALT+HARBOUR",1994,2026
"DC","06-30",2001-06-30,332.188235294118,107.700306884155,677.5,NA,988,2015-08-27,NA,6,"1012710","ESQUIMALT+HARBOUR",1994,2026
"DC","07-01",2001-07-01,337.4,107.146844330573,684.3,NA,988,2015-08-27,NA,7,"1012710","ESQUIMALT+HARBOUR",1994,2026
"DC","07-02",2001-07-02,342.964705882353,107.483637947692,691.3,NA,988,2015-08-27,NA,7,"1012710","ESQUIMALT+HARBOUR",1994,2026
"DC","07-03",2001-07-03,342.476470588235,110.577939308728,698.1,NA,988,2015-08-27,NA,7,"1012710","ESQUIMALT+HARBOUR",1994,2026
"DC","07-04",2001-07-04,349.076470588235,110.582992190321,704.9,NA,988,2015-08-27,NA,7,"1012710","ESQUIMALT+HARBOUR",1994,2026
"DC","07-05",2001-07-05,354.864705882353,111.766178589368,712.6,NA,988,2015-08-27,NA,7,"1012710","ESQUIMALT+HARBOUR",1994,2026
"DC","07-06",2001-07-06,361.417647058823,111.787137203337,719.5,NA,988,2015-08-27,NA,7,"1012710","ESQUIMALT+HARBOUR",1994,2026
"DC","07-07",2001-07-07,367.852941176471,111.778593196814,725.8,NA,988,2015-08-27,NA,7,"1012710","ESQUIMALT+HARBOUR",1994,2026
"DC","07-08",2001-07-08,371.317647058824,116.842705352613,732.6,NA,988,2015-08-27,NA,7,"1012710","ESQUIMALT+HARBOUR",1994,2026
"DC","07-09",2001-07-09,374.235294117647,115.794974746189,739.7,NA,988,2015-08-27,NA,7,"1012710","ESQUIMALT+HARBOUR",1994,2026
"DC","07-10",2001-07-10,379.982352941177,115.886578360558,746.5,NA,988,2015-08-27,NA,7,"1012710","ESQUIMALT+HARBOUR",1994,2026
"DC","07-11",2001-07-11,385.517647058824,116.009181938835,752.7,NA,988,2015-08-27,NA,7,"1012710","ESQUIMALT+HARBOUR",1994,2026
"DC","07-12",2001-07-12,391.994117647059,116.005541196252,759,NA,988,2015-08-27,NA,7,"1012710","ESQUIMALT+HARBOUR",1994,2026
"DC","07-13",2001-07-13,398.529411764706,116.252735261938,766.4,NA,988,2015-08-27,NA,7,"1012710","ESQUIMALT+HARBOUR",1994,2026
"DC","07-14",2001-07-14,405.029411764706,116.339378354375,773,NA,988,2015-08-27,NA,7,"1012710","ESQUIMALT+HARBOUR",1994,2026
"DC","07-15",2001-07-15,409.952941176471,117.334634260558,780.2,NA,988,2015-08-27,NA,7,"1012710","ESQUIMALT+HARBOUR",1994,2026
"DC","07-16",2001-07-16,413.111764705882,120.435978233006,787.2,NA,988,2015-08-27,NA,7,"1012710","ESQUIMALT+HARBOUR",1994,2026
"DC","07-17",2001-07-17,417.805882352941,120.589087765997,793.6,NA,988,2015-08-27,NA,7,"1012710","ESQUIMALT+HARBOUR",1994,2026
"DC","07-18",2001-07-18,424.4,120.783815140937,800.4,NA,988,2015-08-27,NA,7,"1012710","ESQUIMALT+HARBOUR",1994,2026
"DC","07-19",2001-07-19,430.905882352941,121.022386723429,807.8,NA,988,2015-08-27,NA,7,"1012710","ESQUIMALT+HARBOUR",1994,2026
"DC","07-20",2001-07-20,436.823529411765,121.942202135949,815,NA,988,2015-08-27,NA,7,"1012710","ESQUIMALT+HARBOUR",1994,2026
"DC","07-21",2001-07-21,443.276470588235,122.109200766219,822,NA,988,2015-08-27,NA,7,"1012710","ESQUIMALT+HARBOUR",1994,2026
"DC","07-22",2001-07-22,449.947058823529,122.136737499652,828.9,NA,988,2015-08-27,NA,7,"1012710","ESQUIMALT+HARBOUR",1994,2026
"DC","07-23",2001-07-23,456.547058823529,122.356094646155,835.8,NA,988,2015-08-27,NA,7,"1012710","ESQUIMALT+HARBOUR",1994,2026
"DC","07-24",2001-07-24,461.4,118.515700436693,823.1,NA,988,2015-08-27,NA,7,"1012710","ESQUIMALT+HARBOUR",1994,2026
"DC","07-25",2001-07-25,466.352941176471,118.394864318765,829.9,NA,988,2015-08-27,NA,7,"1012710","ESQUIMALT+HARBOUR",1994,2026
"DC","07-26",2001-07-26,469.829411764706,119.082737858526,836.7,NA,988,2015-08-27,NA,7,"1012710","ESQUIMALT+HARBOUR",1994,2026
"DC","07-27",2001-07-27,473.947058823529,110.955994191656,800,NA,988,2015-08-27,NA,7,"1012710","ESQUIMALT+HARBOUR",1994,2026
"DC","07-28",2001-07-28,480.582352941177,110.956958069864,806.6,NA,988,2015-08-27,NA,7,"1012710","ESQUIMALT+HARBOUR",1994,2026
"DC","07-29",2001-07-29,487.141176470588,110.968576964515,813.1,NA,988,2015-08-27,NA,7,"1012710","ESQUIMALT+HARBOUR",1994,2026
"DC","07-30",2001-07-30,493.817647058824,111.100254473685,820.2,NA,988,2015-08-27,NA,7,"1012710","ESQUIMALT+HARBOUR",1994,2026
"DC","07-31",2001-07-31,500.4,111.193575578808,827.1,NA,988,2015-08-27,NA,7,"1012710","ESQUIMALT+HARBOUR",1994,2026
"DC","08-01",2001-08-01,506.182352941176,111.25769206719,832.9,NA,988,2015-08-27,NA,8,"1012710","ESQUIMALT+HARBOUR",1994,2026
"DC","08-02",2001-08-02,508.111764705882,111.917323739183,838.9,NA,988,2015-08-27,NA,8,"1012710","ESQUIMALT+HARBOUR",1994,2026
"DC","08-03",2001-08-03,514.1,112.159752139526,845.8,NA,988,2015-08-27,NA,8,"1012710","ESQUIMALT+HARBOUR",1994,2026
"DC","08-04",2001-08-04,520.164705882353,111.939827257641,851.7,NA,988,2015-08-27,NA,8,"1012710","ESQUIMALT+HARBOUR",1994,2026
"DC","08-05",2001-08-05,524.223529411765,112.897323536764,857.7,NA,988,2015-08-27,NA,8,"1012710","ESQUIMALT+HARBOUR",1994,2026
"DC","08-06",2001-08-06,518.411764705882,122.793993554006,863.3,NA,988,2015-08-27,NA,8,"1012710","ESQUIMALT+HARBOUR",1994,2026
"DC","08-07",2001-08-07,522.629411764706,124.232693788239,869.6,NA,988,2015-08-27,NA,8,"1012710","ESQUIMALT+HARBOUR",1994,2026
"DC","08-08",2001-08-08,527.135294117647,124.856842729866,875.1,NA,988,2015-08-27,NA,8,"1012710","ESQUIMALT+HARBOUR",1994,2026
"DC","08-09",2001-08-09,533.058823529412,124.620569423869,880.7,NA,988,2015-08-27,NA,8,"1012710","ESQUIMALT+HARBOUR",1994,2026
"DC","08-10",2001-08-10,538.782352941176,124.605563856987,886.3,NA,988,2015-08-27,NA,8,"1012710","ESQUIMALT+HARBOUR",1994,2026
"DC","08-11",2001-08-11,544.811764705882,124.61467049646,892.7,NA,988,2015-08-27,NA,8,"1012710","ESQUIMALT+HARBOUR",1994,2026
"DC","08-12",2001-08-12,550.729411764706,124.786160914912,899.3,NA,988,2015-08-27,NA,8,"1012710","ESQUIMALT+HARBOUR",1994,2026
"DC","08-13",2001-08-13,552.829411764706,124.169761640596,905.5,NA,988,2015-08-27,NA,8,"1012710","ESQUIMALT+HARBOUR",1994,2026
"DC","08-14",2001-08-14,558.688235294118,124.304021869532,911.5,NA,988,2015-08-27,NA,8,"1012710","ESQUIMALT+HARBOUR",1994,2026
"DC","08-15",2001-08-15,561.723529411765,126.384129390382,918,NA,988,2015-08-27,NA,8,"1012710","ESQUIMALT+HARBOUR",1994,2026
"DC","08-16",2001-08-16,567.641176470588,126.403308198518,923.4,NA,988,2015-08-27,NA,8,"1012710","ESQUIMALT+HARBOUR",1994,2026
"DC","08-17",2001-08-17,571.241176470588,130.15523932416,929.2,NA,988,2015-08-27,NA,8,"1012710","ESQUIMALT+HARBOUR",1994,2026
"DC","08-18",2001-08-18,577.158823529412,130.189266352989,935.2,NA,988,2015-08-27,NA,8,"1012710","ESQUIMALT+HARBOUR",1994,2026
"DC","08-19",2001-08-19,583.005882352941,130.342915374159,941.2,NA,988,2015-08-27,NA,8,"1012710","ESQUIMALT+HARBOUR",1994,2026
"DC","08-20",2001-08-20,588.370588235294,131.015723124678,946.7,NA,988,2015-08-27,NA,8,"1012710","ESQUIMALT+HARBOUR",1994,2026
"DC","08-21",2001-08-21,593.370588235294,131.125964079897,952.7,NA,988,2015-08-27,NA,8,"1012710","ESQUIMALT+HARBOUR",1994,2026
"DC","08-22",2001-08-22,595.929411764706,132.496621488559,958.7,NA,988,2015-08-27,NA,8,"1012710","ESQUIMALT+HARBOUR",1994,2026
"DC","08-23",2001-08-23,600.9,133.385503335258,964.7,NA,988,2015-08-27,NA,8,"1012710","ESQUIMALT+HARBOUR",1994,2026
"DC","08-24",2001-08-24,606.617647058824,133.46852735427,970.9,NA,988,2015-08-27,NA,8,"1012710","ESQUIMALT+HARBOUR",1994,2026
"DC","08-25",2001-08-25,612.44705882353,133.402914687269,976.4,NA,988,2015-08-27,NA,8,"1012710","ESQUIMALT+HARBOUR",1994,2026
"DC","08-26",2001-08-26,615.570588235294,137.226645393241,982,NA,988,2015-08-27,NA,8,"1012710","ESQUIMALT+HARBOUR",1994,2026
"DC","08-27",2001-08-27,621.417647058823,137.434412699722,988,NA,988,2015-08-27,NA,8,"1012710","ESQUIMALT+HARBOUR",1994,2026
"DC","08-28",2001-08-28,618.288235294118,123.529955285919,899.8,NA,988,2015-08-27,NA,8,"1012710","ESQUIMALT+HARBOUR",1994,2026
"DC","08-29",2001-08-29,623.429411764706,124.119316409181,906.1,NA,988,2015-08-27,NA,8,"1012710","ESQUIMALT+HARBOUR",1994,2026
"DC","08-30",2001-08-30,626.358823529412,125.179691138497,911.7,NA,988,2015-08-27,NA,8,"1012710","ESQUIMALT+HARBOUR",1994,2026
"DC","08-31",2001-08-31,624.570588235294,114.313777410609,823,NA,988,2015-08-27,NA,8,"1012710","ESQUIMALT+HARBOUR",1994,2026
"DC","09-01",2001-09-01,624.523529411765,109.027505299189,774.2,NA,988,2015-08-27,NA,9,"1012710","ESQUIMALT+HARBOUR",1994,2026
"DC","09-02",2001-09-02,628.064705882353,107.985681580803,778.6,NA,988,2015-08-27,NA,9,"1012710","ESQUIMALT+HARBOUR",1994,2026
"DC","09-03",2001-09-03,616.811764705882,102.351819001624,766.3,NA,988,2015-08-27,NA,9,"1012710","ESQUIMALT+HARBOUR",1994,2026
"DC","09-04",2001-09-04,619.476470588235,104.189302050473,770.6,NA,988,2015-08-27,NA,9,"1012710","ESQUIMALT+HARBOUR",1994,2026
"DC","09-05",2001-09-05,622.811764705882,104.721284144825,774.6,NA,988,2015-08-27,NA,9,"1012710","ESQUIMALT+HARBOUR",1994,2026
"DC","09-06",2001-09-06,618.158823529412,100.429608799046,778.4,NA,988,2015-08-27,NA,9,"1012710","ESQUIMALT+HARBOUR",1994,2026
"DC","09-07",2001-09-07,621.65294117647,101.190699409871,782.9,NA,988,2015-08-27,NA,9,"1012710","ESQUIMALT+HARBOUR",1994,2026
"DC","09-08",2001-09-08,617.2,93.1469672077411,787.1,NA,988,2015-08-27,NA,9,"1012710","ESQUIMALT+HARBOUR",1994,2026
"DC","09-09",2001-09-09,614.947058823529,92.0144901472525,791.1,NA,988,2015-08-27,NA,9,"1012710","ESQUIMALT+HARBOUR",1994,2026
"DC","09-10",2001-09-10,618.094117647059,90.8461231326648,796.4,NA,988,2015-08-27,NA,9,"1012710","ESQUIMALT+HARBOUR",1994,2026
"DC","09-11",2001-09-11,622.547058823529,90.794129199298,800.4,NA,988,2015-08-27,NA,9,"1012710","ESQUIMALT+HARBOUR",1994,2026
"DC","09-12",2001-09-12,624.782352941176,93.6578229200191,780.9,NA,988,2015-08-27,NA,9,"1012710","ESQUIMALT+HARBOUR",1994,2026
"DC","09-13",2001-09-13,620.547058823529,96.2905766264738,785.2,NA,988,2015-08-27,NA,9,"1012710","ESQUIMALT+HARBOUR",1994,2026
"DC","09-14",2001-09-14,614.335294117647,95.339196695119,789.5,NA,988,2015-08-27,NA,9,"1012710","ESQUIMALT+HARBOUR",1994,2026
"DC","09-15",2001-09-15,613.629411764706,99.7677162507108,793.7,NA,988,2015-08-27,NA,9,"1012710","ESQUIMALT+HARBOUR",1994,2026
"DC","09-16",2001-09-16,612.605882352941,101.900959702229,797.7,NA,988,2015-08-27,NA,9,"1012710","ESQUIMALT+HARBOUR",1994,2026
"DC","09-17",2001-09-17,607.182352941177,95.6028388392188,781.7,NA,988,2015-08-27,NA,9,"1012710","ESQUIMALT+HARBOUR",1994,2026
"DC","09-18",2001-09-18,605.823529411765,103.212938441674,785.4,NA,988,2015-08-27,NA,9,"1012710","ESQUIMALT+HARBOUR",1994,2026
"DC","09-19",2001-09-19,604.647058823529,105.873333030838,789.1,NA,988,2015-08-27,NA,9,"1012710","ESQUIMALT+HARBOUR",1994,2026
"DC","09-20",2001-09-20,608.923529411765,105.805585446916,792.8,NA,988,2015-08-27,NA,9,"1012710","ESQUIMALT+HARBOUR",1994,2026
"DC","09-21",2001-09-21,611.505882352941,106.231218755295,796.5,NA,988,2015-08-27,NA,9,"1012710","ESQUIMALT+HARBOUR",1994,2026
"DC","09-22",2001-09-22,607.764705882353,106.996389782415,800.5,NA,988,2015-08-27,NA,9,"1012710","ESQUIMALT+HARBOUR",1994,2026
"DC","09-23",2001-09-23,604.394117647059,107.860543472742,804.3,NA,988,2015-08-27,NA,9,"1012710","ESQUIMALT+HARBOUR",1994,2026
"DC","09-24",2001-09-24,595.370588235294,108.413160897939,808.1,NA,988,2015-08-27,NA,9,"1012710","ESQUIMALT+HARBOUR",1994,2026
"DC","09-25",2001-09-25,584.511764705882,109.252373443057,789.8,NA,988,2015-08-27,NA,9,"1012710","ESQUIMALT+HARBOUR",1994,2026
"DC","09-26",2001-09-26,571.747058823529,131.716177431092,794.1,NA,988,2015-08-27,NA,9,"1012710","ESQUIMALT+HARBOUR",1994,2026
"DC","09-27",2001-09-27,572.735294117647,134.645098041,799.5,NA,988,2015-08-27,NA,9,"1012710","ESQUIMALT+HARBOUR",1994,2026
"DC","09-28",2001-09-28,572.464705882353,140.552636675626,804.6,NA,988,2015-08-27,NA,9,"1012710","ESQUIMALT+HARBOUR",1994,2026
"DC","09-29",2001-09-29,567.058823529412,157.65918566176,809,NA,988,2015-08-27,NA,9,"1012710","ESQUIMALT+HARBOUR",1994,2026
"DC","09-30",2001-09-30,564.117647058824,166.682678446555,813,NA,988,2015-08-27,NA,9,"1012710","ESQUIMALT+HARBOUR",1994,2026
"DC","10-01",2001-10-01,561.305882352941,170.449129033373,815.8,NA,988,2015-08-27,NA,10,"1012710","ESQUIMALT+HARBOUR",1994,2026
"DC","10-02",2001-10-02,560.117647058824,173.442231864438,818.6,NA,988,2015-08-27,NA,10,"1012710","ESQUIMALT+HARBOUR",1994,2026
"DC","10-03",2001-10-03,558.817647058823,176.30174501155,821.5,NA,988,2015-08-27,NA,10,"1012710","ESQUIMALT+HARBOUR",1994,2026
"DC","10-04",2001-10-04,548.905882352941,183.654333840058,824.6,NA,988,2015-08-27,NA,10,"1012710","ESQUIMALT+HARBOUR",1994,2026
"DC","10-05",2001-10-05,550.152941176471,185.825752109493,827.3,NA,988,2015-08-27,NA,10,"1012710","ESQUIMALT+HARBOUR",1994,2026
"DC","10-06",2001-10-06,551.347058823529,185.109039209485,830.4,NA,988,2015-08-27,NA,10,"1012710","ESQUIMALT+HARBOUR",1994,2026
"DC","10-07",2001-10-07,530.994117647059,177.271897344828,785.9,NA,988,2015-08-27,NA,10,"1012710","ESQUIMALT+HARBOUR",1994,2026
"DC","10-08",2001-10-08,516.447058823529,175.813662430025,788.7,NA,988,2015-08-27,NA,10,"1012710","ESQUIMALT+HARBOUR",1994,2026
"DC","10-09",2001-10-09,513.882352941176,178.097737335761,790.9,NA,988,2015-08-27,NA,10,"1012710","ESQUIMALT+HARBOUR",1994,2026
"DC","10-10",2001-10-10,500.452941176471,191.680287580802,793.7,NA,988,2015-08-27,NA,10,"1012710","ESQUIMALT+HARBOUR",1994,2026
"DC","10-11",2001-10-11,492.476470588235,192.03527192098,796,NA,988,2015-08-27,NA,10,"1012710","ESQUIMALT+HARBOUR",1994,2026
"DC","10-12",2001-10-12,484.894117647059,194.491305945112,798.6,NA,988,2015-08-27,NA,10,"1012710","ESQUIMALT+HARBOUR",1994,2026
"DC","10-13",2001-10-13,469.747058823529,188.337161487208,779.1,NA,988,2015-08-27,NA,10,"1012710","ESQUIMALT+HARBOUR",1994,2026
"DC","10-14",2001-10-14,442.464705882353,178.761041411351,781.4,NA,988,2015-08-27,NA,10,"1012710","ESQUIMALT+HARBOUR",1994,2026
"DC","10-15",2001-10-15,438.764705882353,180.800189923768,784,NA,988,2015-08-27,NA,10,"1012710","ESQUIMALT+HARBOUR",1994,2026
"DC","10-16",2001-10-16,438.470588235294,182.01128318289,786.7,NA,988,2015-08-27,NA,10,"1012710","ESQUIMALT+HARBOUR",1994,2026
"DC","10-17",2001-10-17,421.452941176471,175.689897680711,732.5,NA,988,2015-08-27,NA,10,"1012710","ESQUIMALT+HARBOUR",1994,2026
"DC","10-18",2001-10-18,416.2,171.753049463467,702.5,NA,988,2015-08-27,NA,10,"1012710","ESQUIMALT+HARBOUR",1994,2026
"DC","10-19",2001-10-19,399.5,166.688605639378,705.4,NA,988,2015-08-27,NA,10,"1012710","ESQUIMALT+HARBOUR",1994,2026
"DC","10-20",2001-10-20,389.670588235294,163.723767993173,708.3,NA,988,2015-08-27,NA,10,"1012710","ESQUIMALT+HARBOUR",1994,2026
"DC","10-21",2001-10-21,387.976470588235,165.659207899123,711,NA,988,2015-08-27,NA,10,"1012710","ESQUIMALT+HARBOUR",1994,2026
"DC","10-22",2001-10-22,377.211764705882,170.440161355653,713.6,NA,988,2015-08-27,NA,10,"1012710","ESQUIMALT+HARBOUR",1994,2026
"DC","10-23",2001-10-23,376.547058823529,172.190868361417,716.2,NA,988,2015-08-27,NA,10,"1012710","ESQUIMALT+HARBOUR",1994,2026
"DC","10-24",2001-10-24,379.170588235294,172.303829632084,695,NA,988,2015-08-27,NA,10,"1012710","ESQUIMALT+HARBOUR",1994,2026
"DC","10-25",2001-10-25,376.947058823529,174.281963057164,697.5,NA,988,2015-08-27,NA,10,"1012710","ESQUIMALT+HARBOUR",1994,2026
"DC","10-26",2001-10-26,364.670588235294,160.644377293083,675.9,NA,988,2015-08-27,NA,10,"1012710","ESQUIMALT+HARBOUR",1994,2026
"DC","10-27",2001-10-27,363.770588235294,162.03792675137,678.6,NA,988,2015-08-27,NA,10,"1012710","ESQUIMALT+HARBOUR",1994,2026
"DC","10-28",2001-10-28,345.205882352941,153.889276228837,681.6,NA,988,2015-08-27,NA,10,"1012710","ESQUIMALT+HARBOUR",1994,2026
"DC","10-29",2001-10-29,332.923529411765,154.3795385139,685,NA,988,2015-08-27,NA,10,"1012710","ESQUIMALT+HARBOUR",1994,2026
"DC","10-30",2001-10-30,316.935294117647,161.242080972898,688.1,NA,988,2015-08-27,NA,10,"1012710","ESQUIMALT+HARBOUR",1994,2026
"DC","10-31",2001-10-31,295.370588235294,159.862369574213,690.9,NA,988,2015-08-27,NA,10,"1012710","ESQUIMALT+HARBOUR",1994,2026
"DMC","04-01",2001-04-01,5,4.77051127006087,13,5.8,112.2,2022-10-22,NA,4,"1012710","ESQUIMALT+HARBOUR",1994,2026
"DMC","04-02",2001-04-02,5.79,5.07158752265994,13.8,6.7,112.2,2022-10-22,NA,4,"1012710","ESQUIMALT+HARBOUR",1994,2026
"DMC","04-03",2001-04-03,6.37,5.11447835941153,14.2,7.1,112.2,2022-10-22,NA,4,"1012710","ESQUIMALT+HARBOUR",1994,2026
"DMC","04-04",2001-04-04,6.03,4.48207541212773,15.3,7.6,112.2,2022-10-22,NA,4,"1012710","ESQUIMALT+HARBOUR",1994,2026
"DMC","04-05",2001-04-05,5.58,4.26427016029707,16,9,112.2,2022-10-22,NA,4,"1012710","ESQUIMALT+HARBOUR",1994,2026
"DMC","04-06",2001-04-06,5.63,4.40228476033878,16.5,9.5,112.2,2022-10-22,NA,4,"1012710","ESQUIMALT+HARBOUR",1994,2026
"DMC","04-07",2001-04-07,5.84,4.79147390916639,17.5,10.4,112.2,2022-10-22,NA,4,"1012710","ESQUIMALT+HARBOUR",1994,2026
"DMC","04-08",2001-04-08,6.46,5.03591545247182,18,11.6,112.2,2022-10-22,NA,4,"1012710","ESQUIMALT+HARBOUR",1994,2026
"DMC","04-09",2001-04-09,6.21,3.21193953174022,13,13,112.2,2022-10-22,NA,4,"1012710","ESQUIMALT+HARBOUR",1994,2026
"DMC","04-10",2001-04-10,6.25,2.92698175980347,13.4,13.4,112.2,2022-10-22,NA,4,"1012710","ESQUIMALT+HARBOUR",1994,2026
"DMC","04-11",2001-04-11,6.37,2.70557038554001,13.7,13.7,112.2,2022-10-22,NA,4,"1012710","ESQUIMALT+HARBOUR",1994,2026
"DMC","04-12",2001-04-12,6.74,3.25173457984777,13.9,13.9,112.2,2022-10-22,NA,4,"1012710","ESQUIMALT+HARBOUR",1994,2026
"DMC","04-13",2001-04-13,6.13,3.52043242293393,14.7,14.7,112.2,2022-10-22,NA,4,"1012710","ESQUIMALT+HARBOUR",1994,2026
"DMC","04-14",2001-04-14,6.4,4.01801498808111,12.7,10.1,112.2,2022-10-22,NA,4,"1012710","ESQUIMALT+HARBOUR",1994,2026
"DMC","04-15",2001-04-15,7.52727272727273,4.26124181644058,13.1,7.2,112.2,2022-10-22,NA,4,"1012710","ESQUIMALT+HARBOUR",1994,2026
"DMC","04-16",2001-04-16,7.41666666666667,4.38257569209816,14,4.7,112.2,2022-10-22,NA,4,"1012710","ESQUIMALT+HARBOUR",1994,2026
"DMC","04-17",2001-04-17,7.75,4.86069579755446,14.4,5.3,112.2,2022-10-22,NA,4,"1012710","ESQUIMALT+HARBOUR",1994,2026
"DMC","04-18",2001-04-18,7.99166666666667,5.18204212700559,15.3,6.7,112.2,2022-10-22,NA,4,"1012710","ESQUIMALT+HARBOUR",1994,2026
"DMC","04-19",2001-04-19,8.05,4.89424522920913,16,8.7,112.2,2022-10-22,NA,4,"1012710","ESQUIMALT+HARBOUR",1994,2026
"DMC","04-20",2001-04-20,8.325,5.31432455299311,16.7,9.6,112.2,2022-10-22,NA,4,"1012710","ESQUIMALT+HARBOUR",1994,2026
"DMC","04-21",2001-04-21,8.99166666666667,5.37764029584679,17.4,10.4,112.2,2022-10-22,NA,4,"1012710","ESQUIMALT+HARBOUR",1994,2026
"DMC","04-22",2001-04-22,8.425,5.17302882968259,18.4,11.2,112.2,2022-10-22,NA,4,"1012710","ESQUIMALT+HARBOUR",1994,2026
"DMC","04-23",2001-04-23,8.2,5.24293174982598,19,11.7,112.2,2022-10-22,NA,4,"1012710","ESQUIMALT+HARBOUR",1994,2026
"DMC","04-24",2001-04-24,8.06153846153846,5.31453015507775,19.9,12,112.2,2022-10-22,NA,4,"1012710","ESQUIMALT+HARBOUR",1994,2026
"DMC","04-25",2001-04-25,8.36923076923077,5.89991308062876,21.4,12.8,112.2,2022-10-22,NA,4,"1012710","ESQUIMALT+HARBOUR",1994,2026
"DMC","04-26",2001-04-26,9.26153846153846,5.90939061459787,22.1,14,112.2,2022-10-22,NA,4,"1012710","ESQUIMALT+HARBOUR",1994,2026
"DMC","04-27",2001-04-27,9.9,6.30713881248859,22.9,14.5,112.2,2022-10-22,NA,4,"1012710","ESQUIMALT+HARBOUR",1994,2026
"DMC","04-28",2001-04-28,9.87692307692308,6.5620314240528,24,15.8,112.2,2022-10-22,NA,4,"1012710","ESQUIMALT+HARBOUR",1994,2026
"DMC","04-29",2001-04-29,10.5846153846154,6.8144266271206,25.3,16.1,112.2,2022-10-22,NA,4,"1012710","ESQUIMALT+HARBOUR",1994,2026
"DMC","04-30",2001-04-30,11.0692307692308,7.27110544270776,25.8,16.5,112.2,2022-10-22,NA,4,"1012710","ESQUIMALT+HARBOUR",1994,2026
"DMC","05-01",2001-05-01,12.1076923076923,8.19293003534771,28.6,17.3,112.2,2022-10-22,NA,5,"1012710","ESQUIMALT+HARBOUR",1994,2026
"DMC","05-02",2001-05-02,13.1384615384615,8.75057507267746,32.3,18.4,112.2,2022-10-22,NA,5,"1012710","ESQUIMALT+HARBOUR",1994,2026
"DMC","05-03",2001-05-03,13.2923076923077,9.08033236712379,33.4,NA,112.2,2022-10-22,NA,5,"1012710","ESQUIMALT+HARBOUR",1994,2026
"DMC","05-04",2001-05-04,13.5461538461538,9.30328036990317,34,NA,112.2,2022-10-22,NA,5,"1012710","ESQUIMALT+HARBOUR",1994,2026
"DMC","05-05",2001-05-05,13.1785714285714,9.59223873535495,34.7,NA,112.2,2022-10-22,NA,5,"1012710","ESQUIMALT+HARBOUR",1994,2026
"DMC","05-06",2001-05-06,14.0642857142857,9.5769440398729,36,NA,112.2,2022-10-22,NA,5,"1012710","ESQUIMALT+HARBOUR",1994,2026
"DMC","05-07",2001-05-07,14.22,9.42081282510773,36.8,NA,112.2,2022-10-22,NA,5,"1012710","ESQUIMALT+HARBOUR",1994,2026
"DMC","05-08",2001-05-08,14.56,9.69092358859567,37.7,NA,112.2,2022-10-22,NA,5,"1012710","ESQUIMALT+HARBOUR",1994,2026
"DMC","05-09",2001-05-09,15.0133333333333,10.3979301969648,39.3,NA,112.2,2022-10-22,NA,5,"1012710","ESQUIMALT+HARBOUR",1994,2026
"DMC","05-10",2001-05-10,15.7,10.8044303082446,40.1,NA,112.2,2022-10-22,NA,5,"1012710","ESQUIMALT+HARBOUR",1994,2026
"DMC","05-11",2001-05-11,16.2133333333333,11.0063531436988,40.4,NA,112.2,2022-10-22,NA,5,"1012710","ESQUIMALT+HARBOUR",1994,2026
"DMC","05-12",2001-05-12,15.6733333333333,10.9078914203477,41.2,NA,112.2,2022-10-22,NA,5,"1012710","ESQUIMALT+HARBOUR",1994,2026
"DMC","05-13",2001-05-13,15.7866666666667,11.2472134114993,41.8,NA,112.2,2022-10-22,NA,5,"1012710","ESQUIMALT+HARBOUR",1994,2026
"DMC","05-14",2001-05-14,16.12,10.9851978329282,42.9,NA,112.2,2022-10-22,NA,5,"1012710","ESQUIMALT+HARBOUR",1994,2026
"DMC","05-15",2001-05-15,16.96,10.9419115592948,43.8,NA,112.2,2022-10-22,NA,5,"1012710","ESQUIMALT+HARBOUR",1994,2026
"DMC","05-16",2001-05-16,16.5375,11.1992187227503,44.8,NA,112.2,2022-10-22,NA,5,"1012710","ESQUIMALT+HARBOUR",1994,2026
"DMC","05-17",2001-05-17,16.475,12.0787692529772,45.8,NA,112.2,2022-10-22,NA,5,"1012710","ESQUIMALT+HARBOUR",1994,2026
"DMC","05-18",2001-05-18,17.24375,12.485883695865,50.4,NA,112.2,2022-10-22,NA,5,"1012710","ESQUIMALT+HARBOUR",1994,2026
"DMC","05-19",2001-05-19,18.10625,12.5558203634808,48.6,NA,112.2,2022-10-22,NA,5,"1012710","ESQUIMALT+HARBOUR",1994,2026
"DMC","05-20",2001-05-20,18.95,12.4799572648841,49.4,NA,112.2,2022-10-22,NA,5,"1012710","ESQUIMALT+HARBOUR",1994,2026
"DMC","05-21",2001-05-21,18.03125,12.7009563288229,50,NA,112.2,2022-10-22,NA,5,"1012710","ESQUIMALT+HARBOUR",1994,2026
"DMC","05-22",2001-05-22,18.64375,12.9230011349273,50.7,NA,112.2,2022-10-22,NA,5,"1012710","ESQUIMALT+HARBOUR",1994,2026
"DMC","05-23",2001-05-23,18.45625,13.2984695234702,52.1,NA,112.2,2022-10-22,NA,5,"1012710","ESQUIMALT+HARBOUR",1994,2026
"DMC","05-24",2001-05-24,19.475,13.243388287494,52.9,NA,112.2,2022-10-22,NA,5,"1012710","ESQUIMALT+HARBOUR",1994,2026
"DMC","05-25",2001-05-25,18.56875,12.860882227385,53.8,NA,112.2,2022-10-22,NA,5,"1012710","ESQUIMALT+HARBOUR",1994,2026
"DMC","05-26",2001-05-26,17.9625,13.3036774364584,55,NA,112.2,2022-10-22,NA,5,"1012710","ESQUIMALT+HARBOUR",1994,2026
"DMC","05-27",2001-05-27,18.11875,13.7957103840288,56.4,NA,112.2,2022-10-22,NA,5,"1012710","ESQUIMALT+HARBOUR",1994,2026
"DMC","05-28",2001-05-28,16.2125,10.587657909094,40.8,NA,112.2,2022-10-22,NA,5,"1012710","ESQUIMALT+HARBOUR",1994,2026
"DMC","05-29",2001-05-29,16.175,11.0491930323742,36.7,NA,112.2,2022-10-22,NA,5,"1012710","ESQUIMALT+HARBOUR",1994,2026
"DMC","05-30",2001-05-30,16.50625,11.4291713756218,37.7,NA,112.2,2022-10-22,NA,5,"1012710","ESQUIMALT+HARBOUR",1994,2026
"DMC","05-31",2001-05-31,16.55625,12.1677699271477,38.3,NA,112.2,2022-10-22,NA,5,"1012710","ESQUIMALT+HARBOUR",1994,2026
"DMC","06-01",2001-06-01,17.08125,12.4682647148671,39.2,NA,112.2,2022-10-22,NA,6,"1012710","ESQUIMALT+HARBOUR",1994,2026
"DMC","06-02",2001-06-02,16.825,11.4639434750874,40.7,NA,112.2,2022-10-22,NA,6,"1012710","ESQUIMALT+HARBOUR",1994,2026
"DMC","06-03",2001-06-03,17.7,11.5779100013776,42,NA,112.2,2022-10-22,NA,6,"1012710","ESQUIMALT+HARBOUR",1994,2026
"DMC","06-04",2001-06-04,18.1882352941176,11.3363289005381,42.6,NA,112.2,2022-10-22,NA,6,"1012710","ESQUIMALT+HARBOUR",1994,2026
"DMC","06-05",2001-06-05,18.8647058823529,11.4570906634533,43.7,NA,112.2,2022-10-22,NA,6,"1012710","ESQUIMALT+HARBOUR",1994,2026
"DMC","06-06",2001-06-06,19.5588235294118,11.8887582837491,44.7,NA,112.2,2022-10-22,NA,6,"1012710","ESQUIMALT+HARBOUR",1994,2026
"DMC","06-07",2001-06-07,20.1823529411765,12.1305520945111,45.9,NA,112.2,2022-10-22,NA,6,"1012710","ESQUIMALT+HARBOUR",1994,2026
"DMC","06-08",2001-06-08,20.5941176470588,12.4230365947821,47.1,NA,112.2,2022-10-22,NA,6,"1012710","ESQUIMALT+HARBOUR",1994,2026
"DMC","06-09",2001-06-09,19.8764705882353,12.7511533503721,48,NA,112.2,2022-10-22,NA,6,"1012710","ESQUIMALT+HARBOUR",1994,2026
"DMC","06-10",2001-06-10,19.5470588235294,12.419647622168,49,NA,112.2,2022-10-22,NA,6,"1012710","ESQUIMALT+HARBOUR",1994,2026
"DMC","06-11",2001-06-11,20.5117647058824,12.7727680218963,50.9,NA,112.2,2022-10-22,NA,6,"1012710","ESQUIMALT+HARBOUR",1994,2026
"DMC","06-12",2001-06-12,20.8470588235294,13.1019138700735,53.2,NA,112.2,2022-10-22,NA,6,"1012710","ESQUIMALT+HARBOUR",1994,2026
"DMC","06-13",2001-06-13,20.5529411764706,12.743778759019,54.1,NA,112.2,2022-10-22,NA,6,"1012710","ESQUIMALT+HARBOUR",1994,2026
"DMC","06-14",2001-06-14,21.1352941176471,13.140392934406,54.7,NA,112.2,2022-10-22,NA,6,"1012710","ESQUIMALT+HARBOUR",1994,2026
"DMC","06-15",2001-06-15,21.1588235294118,13.7190132126699,56.1,NA,112.2,2022-10-22,NA,6,"1012710","ESQUIMALT+HARBOUR",1994,2026
"DMC","06-16",2001-06-16,21.5470588235294,14.4219501822335,57.8,NA,112.2,2022-10-22,NA,6,"1012710","ESQUIMALT+HARBOUR",1994,2026
"DMC","06-17",2001-06-17,22.0764705882353,14.8706308462252,59.3,NA,112.2,2022-10-22,NA,6,"1012710","ESQUIMALT+HARBOUR",1994,2026
"DMC","06-18",2001-06-18,22.0588235294118,15.827273092021,61.5,NA,112.2,2022-10-22,NA,6,"1012710","ESQUIMALT+HARBOUR",1994,2026
"DMC","06-19",2001-06-19,22,14.1746252155039,49.3,NA,112.2,2022-10-22,NA,6,"1012710","ESQUIMALT+HARBOUR",1994,2026
"DMC","06-20",2001-06-20,22.3470588235294,14.5022031794767,50,NA,112.2,2022-10-22,NA,6,"1012710","ESQUIMALT+HARBOUR",1994,2026
"DMC","06-21",2001-06-21,23.1352941176471,14.7402909221829,50.8,NA,112.2,2022-10-22,NA,6,"1012710","ESQUIMALT+HARBOUR",1994,2026
"DMC","06-22",2001-06-22,23.9882352941176,15.2619986548675,53.1,NA,112.2,2022-10-22,NA,6,"1012710","ESQUIMALT+HARBOUR",1994,2026
"DMC","06-23",2001-06-23,22.2705882352941,14.3447623152966,53.9,NA,112.2,2022-10-22,NA,6,"1012710","ESQUIMALT+HARBOUR",1994,2026
"DMC","06-24",2001-06-24,22.2117647058824,15.4638240077019,56.5,NA,112.2,2022-10-22,NA,6,"1012710","ESQUIMALT+HARBOUR",1994,2026
"DMC","06-25",2001-06-25,22.3764705882353,15.1134678933958,58.2,NA,112.2,2022-10-22,NA,6,"1012710","ESQUIMALT+HARBOUR",1994,2026
"DMC","06-26",2001-06-26,23.4058823529412,15.2202772062566,59.3,NA,112.2,2022-10-22,NA,6,"1012710","ESQUIMALT+HARBOUR",1994,2026
"DMC","06-27",2001-06-27,22.6764705882353,14.880420416262,60.3,NA,112.2,2022-10-22,NA,6,"1012710","ESQUIMALT+HARBOUR",1994,2026
"DMC","06-28",2001-06-28,22.2647058823529,14.6057326577816,62,NA,112.2,2022-10-22,NA,6,"1012710","ESQUIMALT+HARBOUR",1994,2026
"DMC","06-29",2001-06-29,23.3647058823529,15.2581101867364,65.1,NA,112.2,2022-10-22,NA,6,"1012710","ESQUIMALT+HARBOUR",1994,2026
"DMC","06-30",2001-06-30,23.7294117647059,15.7899796036079,65.7,NA,112.2,2022-10-22,NA,6,"1012710","ESQUIMALT+HARBOUR",1994,2026
"DMC","07-01",2001-07-01,24.2823529411765,16.3577670883788,66.9,NA,112.2,2022-10-22,NA,7,"1012710","ESQUIMALT+HARBOUR",1994,2026
"DMC","07-02",2001-07-02,24.7588235294118,17.1066529025818,68.6,NA,112.2,2022-10-22,NA,7,"1012710","ESQUIMALT+HARBOUR",1994,2026
"DMC","07-03",2001-07-03,24.6117647058824,18.1355273687085,69.7,NA,112.2,2022-10-22,NA,7,"1012710","ESQUIMALT+HARBOUR",1994,2026
"DMC","07-04",2001-07-04,25.9117647058824,18.2431796280467,71.2,NA,112.2,2022-10-22,NA,7,"1012710","ESQUIMALT+HARBOUR",1994,2026
"DMC","07-05",2001-07-05,26.6470588235294,19.0845198278297,74.5,NA,112.2,2022-10-22,NA,7,"1012710","ESQUIMALT+HARBOUR",1994,2026
"DMC","07-06",2001-07-06,27.5647058823529,18.9424437829597,75.8,NA,112.2,2022-10-22,NA,7,"1012710","ESQUIMALT+HARBOUR",1994,2026
"DMC","07-07",2001-07-07,28.3117647058824,19.0896530335461,76.5,NA,112.2,2022-10-22,NA,7,"1012710","ESQUIMALT+HARBOUR",1994,2026
"DMC","07-08",2001-07-08,28.5235294117647,19.3218312218254,77.8,NA,112.2,2022-10-22,NA,7,"1012710","ESQUIMALT+HARBOUR",1994,2026
"DMC","07-09",2001-07-09,27.0764705882353,19.3933148730357,79.3,NA,112.2,2022-10-22,NA,7,"1012710","ESQUIMALT+HARBOUR",1994,2026
"DMC","07-10",2001-07-10,27.6529411764706,19.663453335028,80.5,NA,112.2,2022-10-22,NA,7,"1012710","ESQUIMALT+HARBOUR",1994,2026
"DMC","07-11",2001-07-11,28.2588235294118,19.9119957194002,80.9,NA,112.2,2022-10-22,NA,7,"1012710","ESQUIMALT+HARBOUR",1994,2026
"DMC","07-12",2001-07-12,29.1764705882353,19.9711832840397,81.2,NA,112.2,2022-10-22,NA,7,"1012710","ESQUIMALT+HARBOUR",1994,2026
"DMC","07-13",2001-07-13,30.1647058823529,20.5182218155129,83.9,NA,112.2,2022-10-22,NA,7,"1012710","ESQUIMALT+HARBOUR",1994,2026
"DMC","07-14",2001-07-14,31.0647058823529,20.7634878204648,85,NA,112.2,2022-10-22,NA,7,"1012710","ESQUIMALT+HARBOUR",1994,2026
"DMC","07-15",2001-07-15,31.6705882352941,21.5603445214206,86.9,NA,112.2,2022-10-22,NA,7,"1012710","ESQUIMALT+HARBOUR",1994,2026
"DMC","07-16",2001-07-16,30.9,22.8324604456024,88.6,NA,112.2,2022-10-22,NA,7,"1012710","ESQUIMALT+HARBOUR",1994,2026
"DMC","07-17",2001-07-17,30.3352941176471,23.0736034565602,89.4,NA,112.2,2022-10-22,NA,7,"1012710","ESQUIMALT+HARBOUR",1994,2026
"DMC","07-18",2001-07-18,31.3529411764706,23.3401241868766,90.1,NA,112.2,2022-10-22,NA,7,"1012710","ESQUIMALT+HARBOUR",1994,2026
"DMC","07-19",2001-07-19,31.9705882352941,23.7572032420138,91.7,NA,112.2,2022-10-22,NA,7,"1012710","ESQUIMALT+HARBOUR",1994,2026
"DMC","07-20",2001-07-20,32.7764705882353,24.3279039739289,93.6,NA,112.2,2022-10-22,NA,7,"1012710","ESQUIMALT+HARBOUR",1994,2026
"DMC","07-21",2001-07-21,33.5235294117647,24.6391591123704,95.7,NA,112.2,2022-10-22,NA,7,"1012710","ESQUIMALT+HARBOUR",1994,2026
"DMC","07-22",2001-07-22,34.6294117647059,24.6522505236815,97.5,NA,112.2,2022-10-22,NA,7,"1012710","ESQUIMALT+HARBOUR",1994,2026
"DMC","07-23",2001-07-23,35.6235294117647,24.8552190045613,99.1,NA,112.2,2022-10-22,NA,7,"1012710","ESQUIMALT+HARBOUR",1994,2026
"DMC","07-24",2001-07-24,34.0058823529412,19.7945848209881,80.8,NA,112.2,2022-10-22,NA,7,"1012710","ESQUIMALT+HARBOUR",1994,2026
"DMC","07-25",2001-07-25,33.9882352941177,20.545798912215,83,NA,112.2,2022-10-22,NA,7,"1012710","ESQUIMALT+HARBOUR",1994,2026
"DMC","07-26",2001-07-26,34.4647058823529,21.4622325602578,85,NA,112.2,2022-10-22,NA,7,"1012710","ESQUIMALT+HARBOUR",1994,2026
"DMC","07-27",2001-07-27,33.8647058823529,19.1368408174021,85.6,NA,112.2,2022-10-22,NA,7,"1012710","ESQUIMALT+HARBOUR",1994,2026
"DMC","07-28",2001-07-28,34.8588235294118,19.3819522631084,86,NA,112.2,2022-10-22,NA,7,"1012710","ESQUIMALT+HARBOUR",1994,2026
"DMC","07-29",2001-07-29,35.8235294117647,19.4108065717194,87.5,NA,112.2,2022-10-22,NA,7,"1012710","ESQUIMALT+HARBOUR",1994,2026
"DMC","07-30",2001-07-30,36.9117647058823,19.7058646839254,89.2,NA,112.2,2022-10-22,NA,7,"1012710","ESQUIMALT+HARBOUR",1994,2026
"DMC","07-31",2001-07-31,37.9411764705882,19.9818373411809,90.2,NA,112.2,2022-10-22,NA,7,"1012710","ESQUIMALT+HARBOUR",1994,2026
"DMC","08-01",2001-08-01,38.7294117647059,20.1873340459396,90.8,NA,112.2,2022-10-22,NA,8,"1012710","ESQUIMALT+HARBOUR",1994,2026
"DMC","08-02",2001-08-02,37.5294117647059,21.7207206575278,91.5,NA,112.2,2022-10-22,NA,8,"1012710","ESQUIMALT+HARBOUR",1994,2026
"DMC","08-03",2001-08-03,38.0411764705882,21.6858553792423,93,NA,112.2,2022-10-22,NA,8,"1012710","ESQUIMALT+HARBOUR",1994,2026
"DMC","08-04",2001-08-04,38.9705882352941,21.7189077967183,94,NA,112.2,2022-10-22,NA,8,"1012710","ESQUIMALT+HARBOUR",1994,2026
"DMC","08-05",2001-08-05,39.4352941176471,22.5744584978375,96,NA,112.2,2022-10-22,NA,8,"1012710","ESQUIMALT+HARBOUR",1994,2026
"DMC","08-06",2001-08-06,37.7764705882353,24.0583023458578,97.9,NA,112.2,2022-10-22,NA,8,"1012710","ESQUIMALT+HARBOUR",1994,2026
"DMC","08-07",2001-08-07,37.5882352941176,24.7567132903618,83.4,NA,112.2,2022-10-22,NA,8,"1012710","ESQUIMALT+HARBOUR",1994,2026
"DMC","08-08",2001-08-08,37.7235294117647,25.2656765546602,84.1,NA,112.2,2022-10-22,NA,8,"1012710","ESQUIMALT+HARBOUR",1994,2026
"DMC","08-09",2001-08-09,38.7058823529412,25.0717837066949,84.7,NA,112.2,2022-10-22,NA,8,"1012710","ESQUIMALT+HARBOUR",1994,2026
"DMC","08-10",2001-08-10,39.1764705882353,25.4456904359993,85.3,NA,112.2,2022-10-22,NA,8,"1012710","ESQUIMALT+HARBOUR",1994,2026
"DMC","08-11",2001-08-11,40.1117647058824,25.6056605644372,87.2,NA,112.2,2022-10-22,NA,8,"1012710","ESQUIMALT+HARBOUR",1994,2026
"DMC","08-12",2001-08-12,40.5411764705882,25.1874487300602,87.6,NA,112.2,2022-10-22,NA,8,"1012710","ESQUIMALT+HARBOUR",1994,2026
"DMC","08-13",2001-08-13,38.1823529411765,21.6773567142686,80.4,NA,112.2,2022-10-22,NA,8,"1012710","ESQUIMALT+HARBOUR",1994,2026
"DMC","08-14",2001-08-14,38.8529411764706,21.918060978536,81.2,NA,112.2,2022-10-22,NA,8,"1012710","ESQUIMALT+HARBOUR",1994,2026
"DMC","08-15",2001-08-15,39.3941176470588,22.5814766619744,77.9,NA,112.2,2022-10-22,NA,8,"1012710","ESQUIMALT+HARBOUR",1994,2026
"DMC","08-16",2001-08-16,40.2,22.6844384986713,79,NA,112.2,2022-10-22,NA,8,"1012710","ESQUIMALT+HARBOUR",1994,2026
"DMC","08-17",2001-08-17,40.8058823529412,23.256275244228,79.8,NA,112.2,2022-10-22,NA,8,"1012710","ESQUIMALT+HARBOUR",1994,2026
"DMC","08-18",2001-08-18,41.4764705882353,23.5163116105546,80.4,NA,112.2,2022-10-22,NA,8,"1012710","ESQUIMALT+HARBOUR",1994,2026
"DMC","08-19",2001-08-19,42.3352941176471,23.9020381237791,81.2,NA,112.2,2022-10-22,NA,8,"1012710","ESQUIMALT+HARBOUR",1994,2026
"DMC","08-20",2001-08-20,42.3117647058824,24.460730834159,82.9,NA,112.2,2022-10-22,NA,8,"1012710","ESQUIMALT+HARBOUR",1994,2026
"DMC","08-21",2001-08-21,42.2470588235294,24.8712715207491,83.6,NA,112.2,2022-10-22,NA,8,"1012710","ESQUIMALT+HARBOUR",1994,2026
"DMC","08-22",2001-08-22,41.1235294117647,25.6860742770223,85.2,NA,112.2,2022-10-22,NA,8,"1012710","ESQUIMALT+HARBOUR",1994,2026
"DMC","08-23",2001-08-23,41.2882352941177,26.1879715316245,85.7,NA,112.2,2022-10-22,NA,8,"1012710","ESQUIMALT+HARBOUR",1994,2026
"DMC","08-24",2001-08-24,41.6705882352941,26.6074652284345,86,NA,112.2,2022-10-22,NA,8,"1012710","ESQUIMALT+HARBOUR",1994,2026
"DMC","08-25",2001-08-25,42.3647058823529,26.7059436543738,86.7,NA,112.2,2022-10-22,NA,8,"1012710","ESQUIMALT+HARBOUR",1994,2026
"DMC","08-26",2001-08-26,42.4588235294118,27.4027612391418,87.7,NA,112.2,2022-10-22,NA,8,"1012710","ESQUIMALT+HARBOUR",1994,2026
"DMC","08-27",2001-08-27,43.2470588235294,27.693639108265,88.3,NA,112.2,2022-10-22,NA,8,"1012710","ESQUIMALT+HARBOUR",1994,2026
"DMC","08-28",2001-08-28,40.0647058823529,25.7238202153294,88.7,NA,112.2,2022-10-22,NA,8,"1012710","ESQUIMALT+HARBOUR",1994,2026
"DMC","08-29",2001-08-29,39.8588235294118,25.6345971985013,89.9,NA,112.2,2022-10-22,NA,8,"1012710","ESQUIMALT+HARBOUR",1994,2026
"DMC","08-30",2001-08-30,39.1470588235294,26.1088135896448,91.4,NA,112.2,2022-10-22,NA,8,"1012710","ESQUIMALT+HARBOUR",1994,2026
"DMC","08-31",2001-08-31,37.7529411764706,26.9661620750678,92.5,NA,112.2,2022-10-22,NA,8,"1012710","ESQUIMALT+HARBOUR",1994,2026
"DMC","09-01",2001-09-01,37.4882352941177,27.8372700339163,93.7,NA,112.2,2022-10-22,NA,9,"1012710","ESQUIMALT+HARBOUR",1994,2026
"DMC","09-02",2001-09-02,36.6352941176471,26.847437987089,94.5,NA,112.2,2022-10-22,NA,9,"1012710","ESQUIMALT+HARBOUR",1994,2026
"DMC","09-03",2001-09-03,33.1176470588235,26.5276562122937,95.2,NA,112.2,2022-10-22,NA,9,"1012710","ESQUIMALT+HARBOUR",1994,2026
"DMC","09-04",2001-09-04,33.3117647058824,26.9681497871318,95.9,NA,112.2,2022-10-22,NA,9,"1012710","ESQUIMALT+HARBOUR",1994,2026
"DMC","09-05",2001-09-05,33.2470588235294,27.3987480929115,96.7,NA,112.2,2022-10-22,NA,9,"1012710","ESQUIMALT+HARBOUR",1994,2026
"DMC","09-06",2001-09-06,32.1470588235294,27.6985134449274,97.7,NA,112.2,2022-10-22,NA,9,"1012710","ESQUIMALT+HARBOUR",1994,2026
"DMC","09-07",2001-09-07,32.5647058823529,27.9918055235919,98.1,NA,112.2,2022-10-22,NA,9,"1012710","ESQUIMALT+HARBOUR",1994,2026
"DMC","09-08",2001-09-08,29.5235294117647,23.5853643551399,96.6,NA,112.2,2022-10-22,NA,9,"1012710","ESQUIMALT+HARBOUR",1994,2026
"DMC","09-09",2001-09-09,27.4823529411765,19.1427608802296,84.8,NA,112.2,2022-10-22,NA,9,"1012710","ESQUIMALT+HARBOUR",1994,2026
"DMC","09-10",2001-09-10,27.3882352941176,18.3142322509347,86.4,NA,112.2,2022-10-22,NA,9,"1012710","ESQUIMALT+HARBOUR",1994,2026
"DMC","09-11",2001-09-11,28.1647058823529,18.1969757506732,86.6,NA,112.2,2022-10-22,NA,9,"1012710","ESQUIMALT+HARBOUR",1994,2026
"DMC","09-12",2001-09-12,28.8,18.4935799671129,84.1,NA,112.2,2022-10-22,NA,9,"1012710","ESQUIMALT+HARBOUR",1994,2026
"DMC","09-13",2001-09-13,28.2117647058824,18.7779086413045,84.6,NA,112.2,2022-10-22,NA,9,"1012710","ESQUIMALT+HARBOUR",1994,2026
"DMC","09-14",2001-09-14,27.2,20.0920693309574,85.3,NA,112.2,2022-10-22,NA,9,"1012710","ESQUIMALT+HARBOUR",1994,2026
"DMC","09-15",2001-09-15,26.4058823529412,20.2535327346933,86.2,NA,112.2,2022-10-22,NA,9,"1012710","ESQUIMALT+HARBOUR",1994,2026
"DMC","09-16",2001-09-16,25.1352941176471,20.5191965356977,87.4,NA,112.2,2022-10-22,NA,9,"1012710","ESQUIMALT+HARBOUR",1994,2026
"DMC","09-17",2001-09-17,23.3882352941176,19.1792492799165,87.7,NA,112.2,2022-10-22,NA,9,"1012710","ESQUIMALT+HARBOUR",1994,2026
"DMC","09-18",2001-09-18,22.0764705882353,17.2105537901808,88.7,NA,112.2,2022-10-22,NA,9,"1012710","ESQUIMALT+HARBOUR",1994,2026
"DMC","09-19",2001-09-19,21.6764705882353,16.3984957165194,90.6,NA,112.2,2022-10-22,NA,9,"1012710","ESQUIMALT+HARBOUR",1994,2026
"DMC","09-20",2001-09-20,22.0882352941176,16.4453596172652,93.3,NA,112.2,2022-10-22,NA,9,"1012710","ESQUIMALT+HARBOUR",1994,2026
"DMC","09-21",2001-09-21,22.0588235294118,16.4934100030713,94.1,NA,112.2,2022-10-22,NA,9,"1012710","ESQUIMALT+HARBOUR",1994,2026
"DMC","09-22",2001-09-22,20.7529411764706,16.4749096221747,94.8,NA,112.2,2022-10-22,NA,9,"1012710","ESQUIMALT+HARBOUR",1994,2026
"DMC","09-23",2001-09-23,19.9941176470588,16.4032188376335,95.5,NA,112.2,2022-10-22,NA,9,"1012710","ESQUIMALT+HARBOUR",1994,2026
"DMC","09-24",2001-09-24,18.9294117647059,16.7073249170043,95.9,NA,112.2,2022-10-22,NA,9,"1012710","ESQUIMALT+HARBOUR",1994,2026
"DMC","09-25",2001-09-25,16.6294117647059,14.1369977676433,96.3,NA,112.2,2022-10-22,NA,9,"1012710","ESQUIMALT+HARBOUR",1994,2026
"DMC","09-26",2001-09-26,16.1764705882353,14.7392134038661,96.9,NA,112.2,2022-10-22,NA,9,"1012710","ESQUIMALT+HARBOUR",1994,2026
"DMC","09-27",2001-09-27,15.9705882352941,15.1056597301261,97.6,NA,112.2,2022-10-22,NA,9,"1012710","ESQUIMALT+HARBOUR",1994,2026
"DMC","09-28",2001-09-28,16.5764705882353,15.1759484634307,98.1,NA,112.2,2022-10-22,NA,9,"1012710","ESQUIMALT+HARBOUR",1994,2026
"DMC","09-29",2001-09-29,17.2058823529412,15.004435618686,99,NA,112.2,2022-10-22,NA,9,"1012710","ESQUIMALT+HARBOUR",1994,2026
"DMC","09-30",2001-09-30,16.3588235294118,14.2930515821294,99.3,NA,112.2,2022-10-22,NA,9,"1012710","ESQUIMALT+HARBOUR",1994,2026
"DMC","10-01",2001-10-01,15.6823529411765,14.1963126944164,99.7,NA,112.2,2022-10-22,NA,10,"1012710","ESQUIMALT+HARBOUR",1994,2026
"DMC","10-02",2001-10-02,15.7823529411765,14.4082977522554,100.1,NA,112.2,2022-10-22,NA,10,"1012710","ESQUIMALT+HARBOUR",1994,2026
"DMC","10-03",2001-10-03,15.6176470588235,14.8593503935282,100.8,NA,112.2,2022-10-22,NA,10,"1012710","ESQUIMALT+HARBOUR",1994,2026
"DMC","10-04",2001-10-04,15.3764705882353,15.3169240307807,101.2,NA,112.2,2022-10-22,NA,10,"1012710","ESQUIMALT+HARBOUR",1994,2026
"DMC","10-05",2001-10-05,15.4,15.5780294004088,101.5,NA,112.2,2022-10-22,NA,10,"1012710","ESQUIMALT+HARBOUR",1994,2026
"DMC","10-06",2001-10-06,15.3176470588235,15.9367984274649,101.8,NA,112.2,2022-10-22,NA,10,"1012710","ESQUIMALT+HARBOUR",1994,2026
"DMC","10-07",2001-10-07,12.8117647058824,15.0688371462823,102.5,NA,112.2,2022-10-22,NA,10,"1012710","ESQUIMALT+HARBOUR",1994,2026
"DMC","10-08",2001-10-08,11.6823529411765,15.5567603991849,102.9,NA,112.2,2022-10-22,NA,10,"1012710","ESQUIMALT+HARBOUR",1994,2026
"DMC","10-09",2001-10-09,11.7764705882353,15.6174393472395,103.3,NA,112.2,2022-10-22,NA,10,"1012710","ESQUIMALT+HARBOUR",1994,2026
"DMC","10-10",2001-10-10,11.6,15.7950150363968,104.2,NA,112.2,2022-10-22,NA,10,"1012710","ESQUIMALT+HARBOUR",1994,2026
"DMC","10-11",2001-10-11,11.3529411764706,15.9260838582127,104.8,NA,112.2,2022-10-22,NA,10,"1012710","ESQUIMALT+HARBOUR",1994,2026
"DMC","10-12",2001-10-12,10.4705882352941,15.5924967815406,105.2,NA,112.2,2022-10-22,NA,10,"1012710","ESQUIMALT+HARBOUR",1994,2026
"DMC","10-13",2001-10-13,7.92941176470588,13.0854291439889,105.5,NA,112.2,2022-10-22,NA,10,"1012710","ESQUIMALT+HARBOUR",1994,2026
"DMC","10-14",2001-10-14,6.77647058823529,12.5042757393104,106,NA,112.2,2022-10-22,NA,10,"1012710","ESQUIMALT+HARBOUR",1994,2026
"DMC","10-15",2001-10-15,6.75882352941176,12.5197872797189,107.9,NA,112.2,2022-10-22,NA,10,"1012710","ESQUIMALT+HARBOUR",1994,2026
"DMC","10-16",2001-10-16,6.95294117647059,12.6545504487051,110,NA,112.2,2022-10-22,NA,10,"1012710","ESQUIMALT+HARBOUR",1994,2026
"DMC","10-17",2001-10-17,6.34705882352941,12.4580856097084,110.6,NA,112.2,2022-10-22,NA,10,"1012710","ESQUIMALT+HARBOUR",1994,2026
"DMC","10-18",2001-10-18,6.14705882352941,12.4870491733966,110.8,NA,112.2,2022-10-22,NA,10,"1012710","ESQUIMALT+HARBOUR",1994,2026
"DMC","10-19",2001-10-19,6.07058823529412,12.5969125535725,111.1,NA,112.2,2022-10-22,NA,10,"1012710","ESQUIMALT+HARBOUR",1994,2026
"DMC","10-20",2001-10-20,5.2,9.30718808233722,111.3,NA,112.2,2022-10-22,NA,10,"1012710","ESQUIMALT+HARBOUR",1994,2026
"DMC","10-21",2001-10-21,5.15882352941177,9.48420125943201,111.8,NA,112.2,2022-10-22,NA,10,"1012710","ESQUIMALT+HARBOUR",1994,2026
"DMC","10-22",2001-10-22,5.24117647058824,9.52057369749385,112.2,NA,112.2,2022-10-22,NA,10,"1012710","ESQUIMALT+HARBOUR",1994,2026
"DMC","10-23",2001-10-23,4.72941176470588,7.89649959680572,105.1,NA,112.2,2022-10-22,NA,10,"1012710","ESQUIMALT+HARBOUR",1994,2026
"DMC","10-24",2001-10-24,5.04705882352941,7.88131632779852,53.8,NA,112.2,2022-10-22,NA,10,"1012710","ESQUIMALT+HARBOUR",1994,2026
"DMC","10-25",2001-10-25,5.20588235294118,7.93799963689179,44.8,NA,112.2,2022-10-22,NA,10,"1012710","ESQUIMALT+HARBOUR",1994,2026
"DMC","10-26",2001-10-26,4.11764705882353,5.45381005514925,45.3,NA,112.2,2022-10-22,NA,10,"1012710","ESQUIMALT+HARBOUR",1994,2026
"DMC","10-27",2001-10-27,4.51764705882353,5.48751256195802,39.4,NA,112.2,2022-10-22,NA,10,"1012710","ESQUIMALT+HARBOUR",1994,2026
"DMC","10-28",2001-10-28,3.62941176470588,4.78849724677304,20.1,NA,112.2,2022-10-22,NA,10,"1012710","ESQUIMALT+HARBOUR",1994,2026
"DMC","10-29",2001-10-29,3.29411764705882,4.41467306097452,17.7,NA,112.2,2022-10-22,NA,10,"1012710","ESQUIMALT+HARBOUR",1994,2026
"DMC","10-30",2001-10-30,3.45294117647059,4.58504602581299,18,NA,112.2,2022-10-22,NA,10,"1012710","ESQUIMALT+HARBOUR",1994,2026
"DMC","10-31",2001-10-31,3.22941176470588,4.34263236785627,17.3,NA,112.2,2022-10-22,NA,10,"1012710","ESQUIMALT+HARBOUR",1994,2026
"FFMC","04-01",2001-04-01,69.36,15.231414904729,85.8,81.8,94,2020-09-08,NA,4,"1012710","ESQUIMALT+HARBOUR",1994,2026
"FFMC","04-02",2001-04-02,76.32,8.53825378972643,89.8,79.8,94,2020-09-08,NA,4,"1012710","ESQUIMALT+HARBOUR",1994,2026
"FFMC","04-03",2001-04-03,77.53,5.27637291243816,83.5,80,94,2020-09-08,NA,4,"1012710","ESQUIMALT+HARBOUR",1994,2026
"FFMC","04-04",2001-04-04,72.99,8.15454201997608,85.4,80.7,94,2020-09-08,NA,4,"1012710","ESQUIMALT+HARBOUR",1994,2026
"FFMC","04-05",2001-04-05,65.5,21.7360427758954,84.7,84.1,94,2020-09-08,NA,4,"1012710","ESQUIMALT+HARBOUR",1994,2026
"FFMC","04-06",2001-04-06,68.46,17.8322554191368,83.4,82.4,94,2020-09-08,NA,4,"1012710","ESQUIMALT+HARBOUR",1994,2026
"FFMC","04-07",2001-04-07,69.29,20.3245035473058,83.8,83.7,94,2020-09-08,NA,4,"1012710","ESQUIMALT+HARBOUR",1994,2026
"FFMC","04-08",2001-04-08,70.09,19.6246132304421,87.6,84.9,94,2020-09-08,NA,4,"1012710","ESQUIMALT+HARBOUR",1994,2026
"FFMC","04-09",2001-04-09,73.23,11.0175667811808,86,86,94,2020-09-08,NA,4,"1012710","ESQUIMALT+HARBOUR",1994,2026
"FFMC","04-10",2001-04-10,72.94,15.5922487865677,83.1,82.9,94,2020-09-08,NA,4,"1012710","ESQUIMALT+HARBOUR",1994,2026
"FFMC","04-11",2001-04-11,72.07,13.6182924366049,86.8,80.3,94,2020-09-08,NA,4,"1012710","ESQUIMALT+HARBOUR",1994,2026
"FFMC","04-12",2001-04-12,69.41,13.1702906405119,90.3,74.9,94,2020-09-08,NA,4,"1012710","ESQUIMALT+HARBOUR",1994,2026
"FFMC","04-13",2001-04-13,63.27,19.5914408749218,88.8,80.3,94,2020-09-08,NA,4,"1012710","ESQUIMALT+HARBOUR",1994,2026
"FFMC","04-14",2001-04-14,67.39,17.4844343472829,87.3,49.9,94,2020-09-08,NA,4,"1012710","ESQUIMALT+HARBOUR",1994,2026
"FFMC","04-15",2001-04-15,75.1545454545455,12.4290276076903,86.8,48.9,94,2020-09-08,NA,4,"1012710","ESQUIMALT+HARBOUR",1994,2026
"FFMC","04-16",2001-04-16,68.7083333333334,18.8507274194505,85,48.5,94,2020-09-08,NA,4,"1012710","ESQUIMALT+HARBOUR",1994,2026
"FFMC","04-17",2001-04-17,71.1666666666667,18.3557934046761,87.5,64.1,94,2020-09-08,NA,4,"1012710","ESQUIMALT+HARBOUR",1994,2026
"FFMC","04-18",2001-04-18,72.475,15.4367993031999,85.4,77.3,94,2020-09-08,NA,4,"1012710","ESQUIMALT+HARBOUR",1994,2026
"FFMC","04-19",2001-04-19,73.2166666666667,12.6600181913795,85.7,85.7,94,2020-09-08,NA,4,"1012710","ESQUIMALT+HARBOUR",1994,2026
"FFMC","04-20",2001-04-20,72.35,13.1038162380278,84.7,84.7,94,2020-09-08,NA,4,"1012710","ESQUIMALT+HARBOUR",1994,2026
"FFMC","04-21",2001-04-21,76.0583333333333,7.58101196571028,84.6,84.2,94,2020-09-08,NA,4,"1012710","ESQUIMALT+HARBOUR",1994,2026
"FFMC","04-22",2001-04-22,69.2416666666667,16.4015220099363,86.3,80.7,94,2020-09-08,NA,4,"1012710","ESQUIMALT+HARBOUR",1994,2026
"FFMC","04-23",2001-04-23,70.9307692307692,19.9196044394873,85,80.7,94,2020-09-08,NA,4,"1012710","ESQUIMALT+HARBOUR",1994,2026
"FFMC","04-24",2001-04-24,67.3769230769231,19.4579526948989,89.8,79.5,94,2020-09-08,NA,4,"1012710","ESQUIMALT+HARBOUR",1994,2026
"FFMC","04-25",2001-04-25,67.6692307692308,21.6391383306339,85,81.4,94,2020-09-08,NA,4,"1012710","ESQUIMALT+HARBOUR",1994,2026
"FFMC","04-26",2001-04-26,74.7692307692308,14.3110321439665,89.8,83.4,94,2020-09-08,NA,4,"1012710","ESQUIMALT+HARBOUR",1994,2026
"FFMC","04-27",2001-04-27,76.7230769230769,10.3965662477373,86.2,82.4,94,2020-09-08,NA,4,"1012710","ESQUIMALT+HARBOUR",1994,2026
"FFMC","04-28",2001-04-28,72.8384615384615,13.2074813686245,87.7,84.2,94,2020-09-08,NA,4,"1012710","ESQUIMALT+HARBOUR",1994,2026
"FFMC","04-29",2001-04-29,76.7,9.79846926820715,87,80.5,94,2020-09-08,NA,4,"1012710","ESQUIMALT+HARBOUR",1994,2026
"FFMC","04-30",2001-04-30,75,13.6798513637149,90.8,80.3,94,2020-09-08,NA,4,"1012710","ESQUIMALT+HARBOUR",1994,2026
"FFMC","05-01",2001-05-01,77.5076923076923,14.6654617803453,91.7,81.2,94,2020-09-08,NA,5,"1012710","ESQUIMALT+HARBOUR",1994,2026
"FFMC","05-02",2001-05-02,79.0923076923077,9.05505950085932,91,82.5,94,2020-09-08,NA,5,"1012710","ESQUIMALT+HARBOUR",1994,2026
"FFMC","05-03",2001-05-03,74.2692307692308,15.0923482055966,85.9,NA,94,2020-09-08,NA,5,"1012710","ESQUIMALT+HARBOUR",1994,2026
"FFMC","05-04",2001-05-04,74.2615384615385,13.2668470545654,85.1,NA,94,2020-09-08,NA,5,"1012710","ESQUIMALT+HARBOUR",1994,2026
"FFMC","05-05",2001-05-05,72.5285714285714,21.3091684338141,85.3,NA,94,2020-09-08,NA,5,"1012710","ESQUIMALT+HARBOUR",1994,2026
"FFMC","05-06",2001-05-06,77.7285714285714,10.971251143254,85.7,NA,94,2020-09-08,NA,5,"1012710","ESQUIMALT+HARBOUR",1994,2026
"FFMC","05-07",2001-05-07,80.4066666666667,4.88254422358242,85.7,NA,94,2020-09-08,NA,5,"1012710","ESQUIMALT+HARBOUR",1994,2026
"FFMC","05-08",2001-05-08,78.7133333333333,10.763487662773,89.7,NA,94,2020-09-08,NA,5,"1012710","ESQUIMALT+HARBOUR",1994,2026
"FFMC","05-09",2001-05-09,76.0066666666667,17.868386555457,90.3,NA,94,2020-09-08,NA,5,"1012710","ESQUIMALT+HARBOUR",1994,2026
"FFMC","05-10",2001-05-10,76.8066666666666,12.785732375619,91.1,NA,94,2020-09-08,NA,5,"1012710","ESQUIMALT+HARBOUR",1994,2026
"FFMC","05-11",2001-05-11,75.18,15.5036032678121,89.5,NA,94,2020-09-08,NA,5,"1012710","ESQUIMALT+HARBOUR",1994,2026
"FFMC","05-12",2001-05-12,70.1533333333333,18.6647056793092,88.1,NA,94,2020-09-08,NA,5,"1012710","ESQUIMALT+HARBOUR",1994,2026
"FFMC","05-13",2001-05-13,70.6666666666667,16.6724180552649,87.6,NA,94,2020-09-08,NA,5,"1012710","ESQUIMALT+HARBOUR",1994,2026
"FFMC","05-14",2001-05-14,73.1266666666667,14.0870491012473,88.2,NA,94,2020-09-08,NA,5,"1012710","ESQUIMALT+HARBOUR",1994,2026
"FFMC","05-15",2001-05-15,76.84,8.19161592291603,89.2,NA,94,2020-09-08,NA,5,"1012710","ESQUIMALT+HARBOUR",1994,2026
"FFMC","05-16",2001-05-16,75.4875,10.8373966738635,85,NA,94,2020-09-08,NA,5,"1012710","ESQUIMALT+HARBOUR",1994,2026
"FFMC","05-17",2001-05-17,70.3375,20.5704602119966,84.9,NA,94,2020-09-08,NA,5,"1012710","ESQUIMALT+HARBOUR",1994,2026
"FFMC","05-18",2001-05-18,74.0875,13.7636659360797,86.5,NA,94,2020-09-08,NA,5,"1012710","ESQUIMALT+HARBOUR",1994,2026
"FFMC","05-19",2001-05-19,77.5625,7.88710973677937,86.4,NA,94,2020-09-08,NA,5,"1012710","ESQUIMALT+HARBOUR",1994,2026
"FFMC","05-20",2001-05-20,80.05625,3.7309460373119,84.5,NA,94,2020-09-08,NA,5,"1012710","ESQUIMALT+HARBOUR",1994,2026
"FFMC","05-21",2001-05-21,71.35,19.7821805336688,90.7,NA,94,2020-09-08,NA,5,"1012710","ESQUIMALT+HARBOUR",1994,2026
"FFMC","05-22",2001-05-22,74.38125,15.9121428998946,88.3,NA,94,2020-09-08,NA,5,"1012710","ESQUIMALT+HARBOUR",1994,2026
"FFMC","05-23",2001-05-23,69.48125,20.6145326974281,84.8,NA,94,2020-09-08,NA,5,"1012710","ESQUIMALT+HARBOUR",1994,2026
"FFMC","05-24",2001-05-24,75.0625,13.359035643838,86.4,NA,94,2020-09-08,NA,5,"1012710","ESQUIMALT+HARBOUR",1994,2026
"FFMC","05-25",2001-05-25,71.25,18.4389081383181,86.4,NA,94,2020-09-08,NA,5,"1012710","ESQUIMALT+HARBOUR",1994,2026
"FFMC","05-26",2001-05-26,66.7125,22.6644177805946,86.9,NA,94,2020-09-08,NA,5,"1012710","ESQUIMALT+HARBOUR",1994,2026
"FFMC","05-27",2001-05-27,68.975,24.8566959456267,86.9,NA,94,2020-09-08,NA,5,"1012710","ESQUIMALT+HARBOUR",1994,2026
"FFMC","05-28",2001-05-28,61.78125,23.9638955862077,86.3,NA,94,2020-09-08,NA,5,"1012710","ESQUIMALT+HARBOUR",1994,2026
"FFMC","05-29",2001-05-29,66.6125,21.6592666850319,86.5,NA,94,2020-09-08,NA,5,"1012710","ESQUIMALT+HARBOUR",1994,2026
"FFMC","05-30",2001-05-30,69.23125,17.6561875367627,86,NA,94,2020-09-08,NA,5,"1012710","ESQUIMALT+HARBOUR",1994,2026
"FFMC","05-31",2001-05-31,67.4125,21.8043994031786,86.3,NA,94,2020-09-08,NA,5,"1012710","ESQUIMALT+HARBOUR",1994,2026
"FFMC","06-01",2001-06-01,69.66875,21.2659263847122,84.4,NA,94,2020-09-08,NA,6,"1012710","ESQUIMALT+HARBOUR",1994,2026
"FFMC","06-02",2001-06-02,73.1,14.500804575379,86.2,NA,94,2020-09-08,NA,6,"1012710","ESQUIMALT+HARBOUR",1994,2026
"FFMC","06-03",2001-06-03,77.11875,9.27981456352083,85.2,NA,94,2020-09-08,NA,6,"1012710","ESQUIMALT+HARBOUR",1994,2026
"FFMC","06-04",2001-06-04,80.1058823529412,4.84077351621558,86.9,NA,94,2020-09-08,NA,6,"1012710","ESQUIMALT+HARBOUR",1994,2026
"FFMC","06-05",2001-06-05,80.1941176470588,4.55528135632632,85.1,NA,94,2020-09-08,NA,6,"1012710","ESQUIMALT+HARBOUR",1994,2026
"FFMC","06-06",2001-06-06,78.6294117647059,10.7119538779045,86.8,NA,94,2020-09-08,NA,6,"1012710","ESQUIMALT+HARBOUR",1994,2026
"FFMC","06-07",2001-06-07,77.9,11.7918934018248,86.6,NA,94,2020-09-08,NA,6,"1012710","ESQUIMALT+HARBOUR",1994,2026
"FFMC","06-08",2001-06-08,78.1176470588235,11.5585052717749,86.8,NA,94,2020-09-08,NA,6,"1012710","ESQUIMALT+HARBOUR",1994,2026
"FFMC","06-09",2001-06-09,72.4294117647059,16.3804290506187,84.8,NA,94,2020-09-08,NA,6,"1012710","ESQUIMALT+HARBOUR",1994,2026
"FFMC","06-10",2001-06-10,70.2705882352941,17.1631423661972,84.4,NA,94,2020-09-08,NA,6,"1012710","ESQUIMALT+HARBOUR",1994,2026
"FFMC","06-11",2001-06-11,74.8588235294118,10.9951727375886,85.1,NA,94,2020-09-08,NA,6,"1012710","ESQUIMALT+HARBOUR",1994,2026
"FFMC","06-12",2001-06-12,75.9764705882353,10.4451262206211,87.8,NA,94,2020-09-08,NA,6,"1012710","ESQUIMALT+HARBOUR",1994,2026
"FFMC","06-13",2001-06-13,75.7470588235294,13.3034355359367,85.7,NA,94,2020-09-08,NA,6,"1012710","ESQUIMALT+HARBOUR",1994,2026
"FFMC","06-14",2001-06-14,76.5294117647059,15.4830457559988,85.7,NA,94,2020-09-08,NA,6,"1012710","ESQUIMALT+HARBOUR",1994,2026
"FFMC","06-15",2001-06-15,73.4647058823529,14.2674428847845,85.3,NA,94,2020-09-08,NA,6,"1012710","ESQUIMALT+HARBOUR",1994,2026
"FFMC","06-16",2001-06-16,74.3588235294118,15.9960174271414,84.7,NA,94,2020-09-08,NA,6,"1012710","ESQUIMALT+HARBOUR",1994,2026
"FFMC","06-17",2001-06-17,76.7294117647059,10.9306772837896,86.2,NA,94,2020-09-08,NA,6,"1012710","ESQUIMALT+HARBOUR",1994,2026
"FFMC","06-18",2001-06-18,74.8764705882353,14.5953130067397,86.1,NA,94,2020-09-08,NA,6,"1012710","ESQUIMALT+HARBOUR",1994,2026
"FFMC","06-19",2001-06-19,77.1235294117647,7.12684444650687,87.6,NA,94,2020-09-08,NA,6,"1012710","ESQUIMALT+HARBOUR",1994,2026
"FFMC","06-20",2001-06-20,75.6117647058824,11.0205423161102,86.5,NA,94,2020-09-08,NA,6,"1012710","ESQUIMALT+HARBOUR",1994,2026
"FFMC","06-21",2001-06-21,77.0941176470588,8.94430479329132,84.8,NA,94,2020-09-08,NA,6,"1012710","ESQUIMALT+HARBOUR",1994,2026
"FFMC","06-22",2001-06-22,78.1,7.8700381193486,86.4,NA,94,2020-09-08,NA,6,"1012710","ESQUIMALT+HARBOUR",1994,2026
"FFMC","06-23",2001-06-23,70.5,21.7860046819053,86.4,NA,94,2020-09-08,NA,6,"1012710","ESQUIMALT+HARBOUR",1994,2026
"FFMC","06-24",2001-06-24,69.1117647058824,20.0938697851155,86.7,NA,94,2020-09-08,NA,6,"1012710","ESQUIMALT+HARBOUR",1994,2026
"FFMC","06-25",2001-06-25,72,15.8143131371552,91.1,NA,94,2020-09-08,NA,6,"1012710","ESQUIMALT+HARBOUR",1994,2026
"FFMC","06-26",2001-06-26,76.5176470588235,12.6496657709857,90.6,NA,94,2020-09-08,NA,6,"1012710","ESQUIMALT+HARBOUR",1994,2026
"FFMC","06-27",2001-06-27,74.7941176470588,15.2599340835829,86.7,NA,94,2020-09-08,NA,6,"1012710","ESQUIMALT+HARBOUR",1994,2026
"FFMC","06-28",2001-06-28,68.1235294117647,21.099956439877,86.7,NA,94,2020-09-08,NA,6,"1012710","ESQUIMALT+HARBOUR",1994,2026
"FFMC","06-29",2001-06-29,71.4294117647059,18.4603549771491,91.1,NA,94,2020-09-08,NA,6,"1012710","ESQUIMALT+HARBOUR",1994,2026
"FFMC","06-30",2001-06-30,68.7176470588235,21.6866962471845,85.5,NA,94,2020-09-08,NA,6,"1012710","ESQUIMALT+HARBOUR",1994,2026
"FFMC","07-01",2001-07-01,74.7,12.2914604502476,87,NA,94,2020-09-08,NA,7,"1012710","ESQUIMALT+HARBOUR",1994,2026
"FFMC","07-02",2001-07-02,76.2352941176471,10.824505830318,88.7,NA,94,2020-09-08,NA,7,"1012710","ESQUIMALT+HARBOUR",1994,2026
"FFMC","07-03",2001-07-03,70.4882352941177,21.063145608887,87.7,NA,94,2020-09-08,NA,7,"1012710","ESQUIMALT+HARBOUR",1994,2026
"FFMC","07-04",2001-07-04,75.2117647058823,19.2634654966643,87.5,NA,94,2020-09-08,NA,7,"1012710","ESQUIMALT+HARBOUR",1994,2026
"FFMC","07-05",2001-07-05,74.7764705882353,14.958924151312,88.2,NA,94,2020-09-08,NA,7,"1012710","ESQUIMALT+HARBOUR",1994,2026
"FFMC","07-06",2001-07-06,77.5705882352941,10.0357339483644,85.5,NA,94,2020-09-08,NA,7,"1012710","ESQUIMALT+HARBOUR",1994,2026
"FFMC","07-07",2001-07-07,77.6470588235294,9.16488663644147,86.1,NA,94,2020-09-08,NA,7,"1012710","ESQUIMALT+HARBOUR",1994,2026
"FFMC","07-08",2001-07-08,73.7235294117647,18.5473559238158,87.1,NA,94,2020-09-08,NA,7,"1012710","ESQUIMALT+HARBOUR",1994,2026
"FFMC","07-09",2001-07-09,71.6470588235294,17.7729470560969,85,NA,94,2020-09-08,NA,7,"1012710","ESQUIMALT+HARBOUR",1994,2026
"FFMC","07-10",2001-07-10,73.1882352941176,16.8814573701792,90.7,NA,94,2020-09-08,NA,7,"1012710","ESQUIMALT+HARBOUR",1994,2026
"FFMC","07-11",2001-07-11,74.6823529411765,16.874767972261,86,NA,94,2020-09-08,NA,7,"1012710","ESQUIMALT+HARBOUR",1994,2026
"FFMC","07-12",2001-07-12,77.6411764705882,10.4371966317308,84.6,NA,94,2020-09-08,NA,7,"1012710","ESQUIMALT+HARBOUR",1994,2026
"FFMC","07-13",2001-07-13,79.8117647058824,5.05295487226796,86.2,NA,94,2020-09-08,NA,7,"1012710","ESQUIMALT+HARBOUR",1994,2026
"FFMC","07-14",2001-07-14,79.6235294117647,6.59986073828122,85.6,NA,94,2020-09-08,NA,7,"1012710","ESQUIMALT+HARBOUR",1994,2026
"FFMC","07-15",2001-07-15,77.2,16.6021082998516,87,NA,94,2020-09-08,NA,7,"1012710","ESQUIMALT+HARBOUR",1994,2026
"FFMC","07-16",2001-07-16,69.8705882352941,25.5320574157735,86.6,NA,94,2020-09-08,NA,7,"1012710","ESQUIMALT+HARBOUR",1994,2026
"FFMC","07-17",2001-07-17,67.8235294117647,20.8912520391839,86.6,NA,94,2020-09-08,NA,7,"1012710","ESQUIMALT+HARBOUR",1994,2026
"FFMC","07-18",2001-07-18,73.1529411764706,14.9227643906491,85.7,NA,94,2020-09-08,NA,7,"1012710","ESQUIMALT+HARBOUR",1994,2026
"FFMC","07-19",2001-07-19,74.9117647058823,12.3939946321263,85.7,NA,94,2020-09-08,NA,7,"1012710","ESQUIMALT+HARBOUR",1994,2026
"FFMC","07-20",2001-07-20,76.2117647058824,12.1760462770629,86.1,NA,94,2020-09-08,NA,7,"1012710","ESQUIMALT+HARBOUR",1994,2026
"FFMC","07-21",2001-07-21,77.1411764705882,8.99722587964822,87.3,NA,94,2020-09-08,NA,7,"1012710","ESQUIMALT+HARBOUR",1994,2026
"FFMC","07-22",2001-07-22,80.2235294117647,5.0673624070818,88.5,NA,94,2020-09-08,NA,7,"1012710","ESQUIMALT+HARBOUR",1994,2026
"FFMC","07-23",2001-07-23,80.9470588235294,3.95665857243502,87.6,NA,94,2020-09-08,NA,7,"1012710","ESQUIMALT+HARBOUR",1994,2026
"FFMC","07-24",2001-07-24,78.8176470588235,8.14073363509991,86.2,NA,94,2020-09-08,NA,7,"1012710","ESQUIMALT+HARBOUR",1994,2026
"FFMC","07-25",2001-07-25,77.2764705882353,10.7023671103502,85.9,NA,94,2020-09-08,NA,7,"1012710","ESQUIMALT+HARBOUR",1994,2026
"FFMC","07-26",2001-07-26,78.9117647058823,10.2148104701544,88.6,NA,94,2020-09-08,NA,7,"1012710","ESQUIMALT+HARBOUR",1994,2026
"FFMC","07-27",2001-07-27,79.0529411764706,8.44645766335353,86.3,NA,94,2020-09-08,NA,7,"1012710","ESQUIMALT+HARBOUR",1994,2026
"FFMC","07-28",2001-07-28,80.6647058823529,5.16296198616533,87.5,NA,94,2020-09-08,NA,7,"1012710","ESQUIMALT+HARBOUR",1994,2026
"FFMC","07-29",2001-07-29,81.3941176470588,3.09282851695566,85.3,NA,94,2020-09-08,NA,7,"1012710","ESQUIMALT+HARBOUR",1994,2026
"FFMC","07-30",2001-07-30,82.0823529411765,2.95089717164917,87.9,NA,94,2020-09-08,NA,7,"1012710","ESQUIMALT+HARBOUR",1994,2026
"FFMC","07-31",2001-07-31,82.2294117647059,3.01615746975402,87.9,NA,94,2020-09-08,NA,7,"1012710","ESQUIMALT+HARBOUR",1994,2026
"FFMC","08-01",2001-08-01,81.6117647058824,2.33663282121442,85.4,NA,94,2020-09-08,NA,8,"1012710","ESQUIMALT+HARBOUR",1994,2026
"FFMC","08-02",2001-08-02,76.9176470588235,13.1870312852305,85.4,NA,94,2020-09-08,NA,8,"1012710","ESQUIMALT+HARBOUR",1994,2026
"FFMC","08-03",2001-08-03,77.3352941176471,12.7557311225421,86.4,NA,94,2020-09-08,NA,8,"1012710","ESQUIMALT+HARBOUR",1994,2026
"FFMC","08-04",2001-08-04,78.6882352941177,10.6751394811111,86.2,NA,94,2020-09-08,NA,8,"1012710","ESQUIMALT+HARBOUR",1994,2026
"FFMC","08-05",2001-08-05,77.7058823529412,12.9964163612626,86.2,NA,94,2020-09-08,NA,8,"1012710","ESQUIMALT+HARBOUR",1994,2026
"FFMC","08-06",2001-08-06,71.2823529411765,19.7427276260816,86,NA,94,2020-09-08,NA,8,"1012710","ESQUIMALT+HARBOUR",1994,2026
"FFMC","08-07",2001-08-07,71.2235294117647,19.5943081471305,84.4,NA,94,2020-09-08,NA,8,"1012710","ESQUIMALT+HARBOUR",1994,2026
"FFMC","08-08",2001-08-08,74.3882352941176,13.1322542977653,84.8,NA,94,2020-09-08,NA,8,"1012710","ESQUIMALT+HARBOUR",1994,2026
"FFMC","08-09",2001-08-09,78.4176470588235,8.68980978604521,84.8,NA,94,2020-09-08,NA,8,"1012710","ESQUIMALT+HARBOUR",1994,2026
"FFMC","08-10",2001-08-10,76.1294117647059,10.8649531007894,84.7,NA,94,2020-09-08,NA,8,"1012710","ESQUIMALT+HARBOUR",1994,2026
"FFMC","08-11",2001-08-11,79.0058823529412,7.00584314949272,85.8,NA,94,2020-09-08,NA,8,"1012710","ESQUIMALT+HARBOUR",1994,2026
"FFMC","08-12",2001-08-12,79.2,5.21200537221519,85,NA,94,2020-09-08,NA,8,"1012710","ESQUIMALT+HARBOUR",1994,2026
"FFMC","08-13",2001-08-13,76.6588235294117,13.0035119690571,85,NA,94,2020-09-08,NA,8,"1012710","ESQUIMALT+HARBOUR",1994,2026
"FFMC","08-14",2001-08-14,76.4529411764706,11.816096946912,85.4,NA,94,2020-09-08,NA,8,"1012710","ESQUIMALT+HARBOUR",1994,2026
"FFMC","08-15",2001-08-15,76.0117647058823,17.6044341840678,87.3,NA,94,2020-09-08,NA,8,"1012710","ESQUIMALT+HARBOUR",1994,2026
"FFMC","08-16",2001-08-16,76.1647058823529,16.4839672552025,85.5,NA,94,2020-09-08,NA,8,"1012710","ESQUIMALT+HARBOUR",1994,2026
"FFMC","08-17",2001-08-17,76.4117647058823,16.1365223310717,86.1,NA,94,2020-09-08,NA,8,"1012710","ESQUIMALT+HARBOUR",1994,2026
"FFMC","08-18",2001-08-18,77.0352941176471,13.2920531322512,85.4,NA,94,2020-09-08,NA,8,"1012710","ESQUIMALT+HARBOUR",1994,2026
"FFMC","08-19",2001-08-19,77.8529411764706,11.937866101562,92.1,NA,94,2020-09-08,NA,8,"1012710","ESQUIMALT+HARBOUR",1994,2026
"FFMC","08-20",2001-08-20,76.3764705882353,10.998325407293,86.8,NA,94,2020-09-08,NA,8,"1012710","ESQUIMALT+HARBOUR",1994,2026
"FFMC","08-21",2001-08-21,75.2117647058823,12.7257554958901,85.9,NA,94,2020-09-08,NA,8,"1012710","ESQUIMALT+HARBOUR",1994,2026
"FFMC","08-22",2001-08-22,73.2235294117647,16.3459295166933,84.9,NA,94,2020-09-08,NA,8,"1012710","ESQUIMALT+HARBOUR",1994,2026
"FFMC","08-23",2001-08-23,75.064705882353,15.2693296012166,84.9,NA,94,2020-09-08,NA,8,"1012710","ESQUIMALT+HARBOUR",1994,2026
"FFMC","08-24",2001-08-24,75.0235294117647,13.5200559083425,85.9,NA,94,2020-09-08,NA,8,"1012710","ESQUIMALT+HARBOUR",1994,2026
"FFMC","08-25",2001-08-25,77.1529411764706,11.2866136222883,86.9,NA,94,2020-09-08,NA,8,"1012710","ESQUIMALT+HARBOUR",1994,2026
"FFMC","08-26",2001-08-26,75.6941176470588,17.3005227734683,84.4,NA,94,2020-09-08,NA,8,"1012710","ESQUIMALT+HARBOUR",1994,2026
"FFMC","08-27",2001-08-27,77.0235294117647,16.1027765234666,86.5,NA,94,2020-09-08,NA,8,"1012710","ESQUIMALT+HARBOUR",1994,2026
"FFMC","08-28",2001-08-28,69.4705882352941,22.7648238711033,84.6,NA,94,2020-09-08,NA,8,"1012710","ESQUIMALT+HARBOUR",1994,2026
"FFMC","08-29",2001-08-29,70.735294117647,20.4085135781759,84.2,NA,94,2020-09-08,NA,8,"1012710","ESQUIMALT+HARBOUR",1994,2026
"FFMC","08-30",2001-08-30,69.8117647058824,21.4976999453704,85.3,NA,94,2020-09-08,NA,8,"1012710","ESQUIMALT+HARBOUR",1994,2026
"FFMC","08-31",2001-08-31,65.2764705882353,24.9674170022593,85,NA,94,2020-09-08,NA,8,"1012710","ESQUIMALT+HARBOUR",1994,2026
"FFMC","09-01",2001-09-01,68.2235294117647,21.4397274181531,84.8,NA,94,2020-09-08,NA,9,"1012710","ESQUIMALT+HARBOUR",1994,2026
"FFMC","09-02",2001-09-02,70.4470588235294,17.4102023842006,84.2,NA,94,2020-09-08,NA,9,"1012710","ESQUIMALT+HARBOUR",1994,2026
"FFMC","09-03",2001-09-03,65.2294117647059,22.8508688211707,83.6,NA,94,2020-09-08,NA,9,"1012710","ESQUIMALT+HARBOUR",1994,2026
"FFMC","09-04",2001-09-04,69.7588235294118,16.571023611395,83.5,NA,94,2020-09-08,NA,9,"1012710","ESQUIMALT+HARBOUR",1994,2026
"FFMC","09-05",2001-09-05,71.0764705882353,15.3435869914667,87.3,NA,94,2020-09-08,NA,9,"1012710","ESQUIMALT+HARBOUR",1994,2026
"FFMC","09-06",2001-09-06,66.3117647058824,19.7214630020487,86.3,NA,94,2020-09-08,NA,9,"1012710","ESQUIMALT+HARBOUR",1994,2026
"FFMC","09-07",2001-09-07,68.6470588235294,20.6435255481912,90.3,NA,94,2020-09-08,NA,9,"1012710","ESQUIMALT+HARBOUR",1994,2026
"FFMC","09-08",2001-09-08,66.8705882352941,22.7412830746718,94,NA,94,2020-09-08,NA,9,"1012710","ESQUIMALT+HARBOUR",1994,2026
"FFMC","09-09",2001-09-09,65.0588235294118,23.7969288675957,90.2,NA,94,2020-09-08,NA,9,"1012710","ESQUIMALT+HARBOUR",1994,2026
"FFMC","09-10",2001-09-10,69.6647058823529,20.9536673752016,91.4,NA,94,2020-09-08,NA,9,"1012710","ESQUIMALT+HARBOUR",1994,2026
"FFMC","09-11",2001-09-11,73.4529411764706,16.772936447111,91.7,NA,94,2020-09-08,NA,9,"1012710","ESQUIMALT+HARBOUR",1994,2026
"FFMC","09-12",2001-09-12,73.5235294117647,19.9240285024065,92,NA,94,2020-09-08,NA,9,"1012710","ESQUIMALT+HARBOUR",1994,2026
"FFMC","09-13",2001-09-13,69.9705882352941,23.0769301659114,90.1,NA,94,2020-09-08,NA,9,"1012710","ESQUIMALT+HARBOUR",1994,2026
"FFMC","09-14",2001-09-14,62.7588235294118,28.6847969058422,85.8,NA,94,2020-09-08,NA,9,"1012710","ESQUIMALT+HARBOUR",1994,2026
"FFMC","09-15",2001-09-15,61.8882352941176,25.8470230963099,85.1,NA,94,2020-09-08,NA,9,"1012710","ESQUIMALT+HARBOUR",1994,2026
"FFMC","09-16",2001-09-16,61.3588235294118,24.485813719977,85,NA,94,2020-09-08,NA,9,"1012710","ESQUIMALT+HARBOUR",1994,2026
"FFMC","09-17",2001-09-17,62.0470588235294,23.1501651626684,83.6,NA,94,2020-09-08,NA,9,"1012710","ESQUIMALT+HARBOUR",1994,2026
"FFMC","09-18",2001-09-18,58.8,24.2481700340459,85,NA,94,2020-09-08,NA,9,"1012710","ESQUIMALT+HARBOUR",1994,2026
"FFMC","09-19",2001-09-19,66.3294117647059,15.0266332184676,86.5,NA,94,2020-09-08,NA,9,"1012710","ESQUIMALT+HARBOUR",1994,2026
"FFMC","09-20",2001-09-20,71.4764705882353,10.1718686466502,90.7,NA,94,2020-09-08,NA,9,"1012710","ESQUIMALT+HARBOUR",1994,2026
"FFMC","09-21",2001-09-21,71.0823529411765,12.2131197536767,89.4,NA,94,2020-09-08,NA,9,"1012710","ESQUIMALT+HARBOUR",1994,2026
"FFMC","09-22",2001-09-22,67.0235294117647,21.0037951752703,89.6,NA,94,2020-09-08,NA,9,"1012710","ESQUIMALT+HARBOUR",1994,2026
"FFMC","09-23",2001-09-23,63.4470588235294,24.1898769541894,86.5,NA,94,2020-09-08,NA,9,"1012710","ESQUIMALT+HARBOUR",1994,2026
"FFMC","09-24",2001-09-24,61.9058823529412,23.3452744304986,85.1,NA,94,2020-09-08,NA,9,"1012710","ESQUIMALT+HARBOUR",1994,2026
"FFMC","09-25",2001-09-25,57.7588235294117,20.5765053769928,84.4,NA,94,2020-09-08,NA,9,"1012710","ESQUIMALT+HARBOUR",1994,2026
"FFMC","09-26",2001-09-26,56.2588235294118,25.9419317617137,81.7,NA,94,2020-09-08,NA,9,"1012710","ESQUIMALT+HARBOUR",1994,2026
"FFMC","09-27",2001-09-27,60.4294117647059,23.9964779891207,82,NA,94,2020-09-08,NA,9,"1012710","ESQUIMALT+HARBOUR",1994,2026
"FFMC","09-28",2001-09-28,67.0705882352941,20.0744478350552,88.1,NA,94,2020-09-08,NA,9,"1012710","ESQUIMALT+HARBOUR",1994,2026
"FFMC","09-29",2001-09-29,70.7941176470588,19.3512102524698,88.4,NA,94,2020-09-08,NA,9,"1012710","ESQUIMALT+HARBOUR",1994,2026
"FFMC","09-30",2001-09-30,68.2352941176471,18.7916185165245,82.8,NA,94,2020-09-08,NA,9,"1012710","ESQUIMALT+HARBOUR",1994,2026
"FFMC","10-01",2001-10-01,66.9823529411765,19.8807141249415,83.9,NA,94,2020-09-08,NA,10,"1012710","ESQUIMALT+HARBOUR",1994,2026
"FFMC","10-02",2001-10-02,69.2705882352941,21.0634091704632,86,NA,94,2020-09-08,NA,10,"1012710","ESQUIMALT+HARBOUR",1994,2026
"FFMC","10-03",2001-10-03,67.3941176470588,21.2650379316684,86,NA,94,2020-09-08,NA,10,"1012710","ESQUIMALT+HARBOUR",1994,2026
"FFMC","10-04",2001-10-04,65.0823529411765,25.592753742371,87.3,NA,94,2020-09-08,NA,10,"1012710","ESQUIMALT+HARBOUR",1994,2026
"FFMC","10-05",2001-10-05,67.5294117647059,19.1569753845004,87.3,NA,94,2020-09-08,NA,10,"1012710","ESQUIMALT+HARBOUR",1994,2026
"FFMC","10-06",2001-10-06,67.0117647058823,17.326528877452,88.3,NA,94,2020-09-08,NA,10,"1012710","ESQUIMALT+HARBOUR",1994,2026
"FFMC","10-07",2001-10-07,56.6647058823529,23.2017763645499,81.6,NA,94,2020-09-08,NA,10,"1012710","ESQUIMALT+HARBOUR",1994,2026
"FFMC","10-08",2001-10-08,53.3529411764706,23.7278085178304,83.4,NA,94,2020-09-08,NA,10,"1012710","ESQUIMALT+HARBOUR",1994,2026
"FFMC","10-09",2001-10-09,57.5764705882353,22.0021456172962,81.7,NA,94,2020-09-08,NA,10,"1012710","ESQUIMALT+HARBOUR",1994,2026
"FFMC","10-10",2001-10-10,59.7882352941176,18.1882820228073,83,NA,94,2020-09-08,NA,10,"1012710","ESQUIMALT+HARBOUR",1994,2026
"FFMC","10-11",2001-10-11,59.6058823529412,23.5619256054189,83,NA,94,2020-09-08,NA,10,"1012710","ESQUIMALT+HARBOUR",1994,2026
"FFMC","10-12",2001-10-12,54.6058823529412,21.7904930700362,84.7,NA,94,2020-09-08,NA,10,"1012710","ESQUIMALT+HARBOUR",1994,2026
"FFMC","10-13",2001-10-13,46.4470588235294,20.8241181580115,81.8,NA,94,2020-09-08,NA,10,"1012710","ESQUIMALT+HARBOUR",1994,2026
"FFMC","10-14",2001-10-14,50.4882352941176,26.5788186897231,84.7,NA,94,2020-09-08,NA,10,"1012710","ESQUIMALT+HARBOUR",1994,2026
"FFMC","10-15",2001-10-15,56.1705882352941,26.1789935994941,88.1,NA,94,2020-09-08,NA,10,"1012710","ESQUIMALT+HARBOUR",1994,2026
"FFMC","10-16",2001-10-16,62.5529411764706,19.9407596911157,89.7,NA,94,2020-09-08,NA,10,"1012710","ESQUIMALT+HARBOUR",1994,2026
"FFMC","10-17",2001-10-17,59.3,22.3541942373238,87.7,NA,94,2020-09-08,NA,10,"1012710","ESQUIMALT+HARBOUR",1994,2026
"FFMC","10-18",2001-10-18,57.7588235294118,24.1124464443037,82.2,NA,94,2020-09-08,NA,10,"1012710","ESQUIMALT+HARBOUR",1994,2026
"FFMC","10-19",2001-10-19,61.5705882352941,21.8790071959939,83.9,NA,94,2020-09-08,NA,10,"1012710","ESQUIMALT+HARBOUR",1994,2026
"FFMC","10-20",2001-10-20,61.6705882352941,19.474687568286,81.1,NA,94,2020-09-08,NA,10,"1012710","ESQUIMALT+HARBOUR",1994,2026
"FFMC","10-21",2001-10-21,59.4705882352941,21.1629618882224,84.2,NA,94,2020-09-08,NA,10,"1012710","ESQUIMALT+HARBOUR",1994,2026
"FFMC","10-22",2001-10-22,59.0823529411765,22.0900779563506,79.2,NA,94,2020-09-08,NA,10,"1012710","ESQUIMALT+HARBOUR",1994,2026
"FFMC","10-23",2001-10-23,57.2882352941177,19.0408732189775,80.2,NA,94,2020-09-08,NA,10,"1012710","ESQUIMALT+HARBOUR",1994,2026
"FFMC","10-24",2001-10-24,65.6764705882353,14.0625624181621,80.4,NA,94,2020-09-08,NA,10,"1012710","ESQUIMALT+HARBOUR",1994,2026
"FFMC","10-25",2001-10-25,64.0529411764706,19.7435153166508,83.1,NA,94,2020-09-08,NA,10,"1012710","ESQUIMALT+HARBOUR",1994,2026
"FFMC","10-26",2001-10-26,56.8823529411765,22.6412575648449,81.7,NA,94,2020-09-08,NA,10,"1012710","ESQUIMALT+HARBOUR",1994,2026
"FFMC","10-27",2001-10-27,63.0470588235294,21.081037618173,86.2,NA,94,2020-09-08,NA,10,"1012710","ESQUIMALT+HARBOUR",1994,2026
"FFMC","10-28",2001-10-28,50.9588235294118,27.1920498221339,86,NA,94,2020-09-08,NA,10,"1012710","ESQUIMALT+HARBOUR",1994,2026
"FFMC","10-29",2001-10-29,50.3882352941176,30.6800196046413,88.1,NA,94,2020-09-08,NA,10,"1012710","ESQUIMALT+HARBOUR",1994,2026
"FFMC","10-30",2001-10-30,56.664705882353,28.1770061658542,88.6,NA,94,2020-09-08,NA,10,"1012710","ESQUIMALT+HARBOUR",1994,2026
"FFMC","10-31",2001-10-31,53.8470588235294,23.5970103415416,85.1,NA,94,2020-09-08,NA,10,"1012710","ESQUIMALT+HARBOUR",1994,2026
"FWI","04-01",2001-04-01,2.51,3.63362384159701,11.6,1.4,49.9,2020-09-07,NA,4,"1012710","ESQUIMALT+HARBOUR",1994,2026
"FWI","04-02",2001-04-02,2.77,3.54120193029303,9.4,2.6,49.9,2020-09-07,NA,4,"1012710","ESQUIMALT+HARBOUR",1994,2026
"FWI","04-03",2001-04-03,1.85,1.66749979177077,5.4,0.9,49.9,2020-09-07,NA,4,"1012710","ESQUIMALT+HARBOUR",1994,2026
"FWI","04-04",2001-04-04,1.32,0.970452357294153,2.9,1.7,49.9,2020-09-07,NA,4,"1012710","ESQUIMALT+HARBOUR",1994,2026
"FWI","04-05",2001-04-05,1.29,1.54879881772223,4.6,3.6,49.9,2020-09-07,NA,4,"1012710","ESQUIMALT+HARBOUR",1994,2026
"FWI","04-06",2001-04-06,1.29,1.65223754009189,5.2,2.9,49.9,2020-09-07,NA,4,"1012710","ESQUIMALT+HARBOUR",1994,2026
"FWI","04-07",2001-04-07,2.43,2.8472403793459,8.5,3.5,49.9,2020-09-07,NA,4,"1012710","ESQUIMALT+HARBOUR",1994,2026
"FWI","04-08",2001-04-08,2.88,2.84675253578529,8.4,3.5,49.9,2020-09-07,NA,4,"1012710","ESQUIMALT+HARBOUR",1994,2026
"FWI","04-09",2001-04-09,1.74,1.05851048386138,6.3,6.3,49.9,2020-09-07,NA,4,"1012710","ESQUIMALT+HARBOUR",1994,2026
"FWI","04-10",2001-04-10,1.79,1.19763656145482,3.5,3.5,49.9,2020-09-07,NA,4,"1012710","ESQUIMALT+HARBOUR",1994,2026
"FWI","04-11",2001-04-11,3.42,3.09939062110961,8.2,2.9,49.9,2020-09-07,NA,4,"1012710","ESQUIMALT+HARBOUR",1994,2026
"FWI","04-12",2001-04-12,1.6,2.82960539062723,9.5,1.3,49.9,2020-09-07,NA,4,"1012710","ESQUIMALT+HARBOUR",1994,2026
"FWI","04-13",2001-04-13,1.81,2.55362487456557,8.3,7.4,49.9,2020-09-07,NA,4,"1012710","ESQUIMALT+HARBOUR",1994,2026
"FWI","04-14",2001-04-14,2.38,2.72633249786025,7.7,0.2,49.9,2020-09-07,NA,4,"1012710","ESQUIMALT+HARBOUR",1994,2026
"FWI","04-15",2001-04-15,2.66,3.26945459263978,9.9,0.3,49.9,2020-09-07,NA,4,"1012710","ESQUIMALT+HARBOUR",1994,2026
"FWI","04-16",2001-04-16,2.10909090909091,2.39768828059635,7.4,0.1,49.9,2020-09-07,NA,4,"1012710","ESQUIMALT+HARBOUR",1994,2026
"FWI","04-17",2001-04-17,2.95833333333333,3.58620040339819,10.9,0.5,49.9,2020-09-07,NA,4,"1012710","ESQUIMALT+HARBOUR",1994,2026
"FWI","04-18",2001-04-18,2.59166666666667,2.80112261045244,9.6,0.8,49.9,2020-09-07,NA,4,"1012710","ESQUIMALT+HARBOUR",1994,2026
"FWI","04-19",2001-04-19,1.69090909090909,1.82617334634724,9.3,9.3,49.9,2020-09-07,NA,4,"1012710","ESQUIMALT+HARBOUR",1994,2026
"FWI","04-20",2001-04-20,1.91666666666667,1.72775910217585,5.5,5.5,49.9,2020-09-07,NA,4,"1012710","ESQUIMALT+HARBOUR",1994,2026
"FWI","04-21",2001-04-21,3.15,3.24387534790215,9.1,7.5,49.9,2020-09-07,NA,4,"1012710","ESQUIMALT+HARBOUR",1994,2026
"FWI","04-22",2001-04-22,2.73333333333333,5.00533049191892,17.5,2.5,49.9,2020-09-07,NA,4,"1012710","ESQUIMALT+HARBOUR",1994,2026
"FWI","04-23",2001-04-23,2.35833333333333,2.21049493977884,8.5,2.3,49.9,2020-09-07,NA,4,"1012710","ESQUIMALT+HARBOUR",1994,2026
"FWI","04-24",2001-04-24,3.10769230769231,4.23958754646045,13.4,2.3,49.9,2020-09-07,NA,4,"1012710","ESQUIMALT+HARBOUR",1994,2026
"FWI","04-25",2001-04-25,2.94615384615385,3.4070063556871,9.9,3.1,49.9,2020-09-07,NA,4,"1012710","ESQUIMALT+HARBOUR",1994,2026
"FWI","04-26",2001-04-26,4.31538461538462,4.4685654211477,13.3,4.3,49.9,2020-09-07,NA,4,"1012710","ESQUIMALT+HARBOUR",1994,2026
"FWI","04-27",2001-04-27,5.00769230769231,5.17952081735713,17.8,3.5,49.9,2020-09-07,NA,4,"1012710","ESQUIMALT+HARBOUR",1994,2026
"FWI","04-28",2001-04-28,2.84615384615385,2.81354325380394,8.8,6.9,49.9,2020-09-07,NA,4,"1012710","ESQUIMALT+HARBOUR",1994,2026
"FWI","04-29",2001-04-29,3.48461538461539,3.51066141770231,11.6,3.1,49.9,2020-09-07,NA,4,"1012710","ESQUIMALT+HARBOUR",1994,2026
"FWI","04-30",2001-04-30,4.11538461538461,4.04883649003969,15,3.4,49.9,2020-09-07,NA,4,"1012710","ESQUIMALT+HARBOUR",1994,2026
"FWI","05-01",2001-05-01,6.22307692307692,5.57855325422787,17.5,3.8,49.9,2020-09-07,NA,5,"1012710","ESQUIMALT+HARBOUR",1994,2026
"FWI","05-02",2001-05-02,6.12307692307692,5.08644503331384,16.4,4.6,49.9,2020-09-07,NA,5,"1012710","ESQUIMALT+HARBOUR",1994,2026
"FWI","05-03",2001-05-03,3.84615384615385,3.44930316262463,12.7,NA,49.9,2020-09-07,NA,5,"1012710","ESQUIMALT+HARBOUR",1994,2026
"FWI","05-04",2001-05-04,4.00769230769231,3.74799091480168,14.6,NA,49.9,2020-09-07,NA,5,"1012710","ESQUIMALT+HARBOUR",1994,2026
"FWI","05-05",2001-05-05,4.49230769230769,4.30918815603387,15.4,NA,49.9,2020-09-07,NA,5,"1012710","ESQUIMALT+HARBOUR",1994,2026
"FWI","05-06",2001-05-06,5.33571428571429,4.53204099765168,17.4,NA,49.9,2020-09-07,NA,5,"1012710","ESQUIMALT+HARBOUR",1994,2026
"FWI","05-07",2001-05-07,4.30714285714286,2.72466350377275,11.6,NA,49.9,2020-09-07,NA,5,"1012710","ESQUIMALT+HARBOUR",1994,2026
"FWI","05-08",2001-05-08,5.4,4.11773169180731,14.7,NA,49.9,2020-09-07,NA,5,"1012710","ESQUIMALT+HARBOUR",1994,2026
"FWI","05-09",2001-05-09,6.42,5.56727684138048,20.3,NA,49.9,2020-09-07,NA,5,"1012710","ESQUIMALT+HARBOUR",1994,2026
"FWI","05-10",2001-05-10,5.49333333333333,5.63946130490527,21.3,NA,49.9,2020-09-07,NA,5,"1012710","ESQUIMALT+HARBOUR",1994,2026
"FWI","05-11",2001-05-11,5.58,4.57074548467909,15.3,NA,49.9,2020-09-07,NA,5,"1012710","ESQUIMALT+HARBOUR",1994,2026
"FWI","05-12",2001-05-12,3.82666666666667,3.30010100855514,8.6,NA,49.9,2020-09-07,NA,5,"1012710","ESQUIMALT+HARBOUR",1994,2026
"FWI","05-13",2001-05-13,4.05333333333333,4.32911516308334,14.5,NA,49.9,2020-09-07,NA,5,"1012710","ESQUIMALT+HARBOUR",1994,2026
"FWI","05-14",2001-05-14,3.53333333333333,3.46155759050474,12.2,NA,49.9,2020-09-07,NA,5,"1012710","ESQUIMALT+HARBOUR",1994,2026
"FWI","05-15",2001-05-15,4.24666666666667,3.11513968195573,11.3,NA,49.9,2020-09-07,NA,5,"1012710","ESQUIMALT+HARBOUR",1994,2026
"FWI","05-16",2001-05-16,4.09333333333333,2.96779539790221,12.1,NA,49.9,2020-09-07,NA,5,"1012710","ESQUIMALT+HARBOUR",1994,2026
"FWI","05-17",2001-05-17,5.34375,5.09993055508275,13.4,NA,49.9,2020-09-07,NA,5,"1012710","ESQUIMALT+HARBOUR",1994,2026
"FWI","05-18",2001-05-18,4.84375,4.79443688038543,16.9,NA,49.9,2020-09-07,NA,5,"1012710","ESQUIMALT+HARBOUR",1994,2026
"FWI","05-19",2001-05-19,6.0625,6.40269474518347,23.4,NA,49.9,2020-09-07,NA,5,"1012710","ESQUIMALT+HARBOUR",1994,2026
"FWI","05-20",2001-05-20,5.39375,3.49141208300214,12.2,NA,49.9,2020-09-07,NA,5,"1012710","ESQUIMALT+HARBOUR",1994,2026
"FWI","05-21",2001-05-21,5.15625,5.55553402773607,21.5,NA,49.9,2020-09-07,NA,5,"1012710","ESQUIMALT+HARBOUR",1994,2026
"FWI","05-22",2001-05-22,6.1,5.4114693014005,17.8,NA,49.9,2020-09-07,NA,5,"1012710","ESQUIMALT+HARBOUR",1994,2026
"FWI","05-23",2001-05-23,5.275,4.55038459913006,15,NA,49.9,2020-09-07,NA,5,"1012710","ESQUIMALT+HARBOUR",1994,2026
"FWI","05-24",2001-05-24,5.55,4.69169478973217,14.9,NA,49.9,2020-09-07,NA,5,"1012710","ESQUIMALT+HARBOUR",1994,2026
"FWI","05-25",2001-05-25,6.61875,7.97046370462012,30,NA,49.9,2020-09-07,NA,5,"1012710","ESQUIMALT+HARBOUR",1994,2026
"FWI","05-26",2001-05-26,5.1375,5.74768069166454,19.3,NA,49.9,2020-09-07,NA,5,"1012710","ESQUIMALT+HARBOUR",1994,2026
"FWI","05-27",2001-05-27,6.7,8.31376368840651,28,NA,49.9,2020-09-07,NA,5,"1012710","ESQUIMALT+HARBOUR",1994,2026
"FWI","05-28",2001-05-28,4.475,6.19521320590879,22.5,NA,49.9,2020-09-07,NA,5,"1012710","ESQUIMALT+HARBOUR",1994,2026
"FWI","05-29",2001-05-29,5.1,5.50781263297872,19.8,NA,49.9,2020-09-07,NA,5,"1012710","ESQUIMALT+HARBOUR",1994,2026
"FWI","05-30",2001-05-30,4.15625,4.550013736243,20,NA,49.9,2020-09-07,NA,5,"1012710","ESQUIMALT+HARBOUR",1994,2026
"FWI","05-31",2001-05-31,5.30625,5.39524095847442,19.5,NA,49.9,2020-09-07,NA,5,"1012710","ESQUIMALT+HARBOUR",1994,2026
"FWI","06-01",2001-06-01,5.29375,5.09136114740777,16,NA,49.9,2020-09-07,NA,6,"1012710","ESQUIMALT+HARBOUR",1994,2026
"FWI","06-02",2001-06-02,4.73125,3.71334866843033,13.4,NA,49.9,2020-09-07,NA,6,"1012710","ESQUIMALT+HARBOUR",1994,2026
"FWI","06-03",2001-06-03,5.76875,4.31689992934745,22.4,NA,49.9,2020-09-07,NA,6,"1012710","ESQUIMALT+HARBOUR",1994,2026
"FWI","06-04",2001-06-04,7.675,6.0023884135123,18.8,NA,49.9,2020-09-07,NA,6,"1012710","ESQUIMALT+HARBOUR",1994,2026
"FWI","06-05",2001-06-05,6.38823529411765,6.52963268041752,29.3,NA,49.9,2020-09-07,NA,6,"1012710","ESQUIMALT+HARBOUR",1994,2026
"FWI","06-06",2001-06-06,5.18235294117647,4.03209549956931,17.6,NA,49.9,2020-09-07,NA,6,"1012710","ESQUIMALT+HARBOUR",1994,2026
"FWI","06-07",2001-06-07,7.35882352941176,5.2809869844009,21.4,NA,49.9,2020-09-07,NA,6,"1012710","ESQUIMALT+HARBOUR",1994,2026
"FWI","06-08",2001-06-08,7.61176470588235,5.96394189619387,22.8,NA,49.9,2020-09-07,NA,6,"1012710","ESQUIMALT+HARBOUR",1994,2026
"FWI","06-09",2001-06-09,5.75294117647059,3.91585202207943,12,NA,49.9,2020-09-07,NA,6,"1012710","ESQUIMALT+HARBOUR",1994,2026
"FWI","06-10",2001-06-10,4.27058823529412,3.9178700696109,13.4,NA,49.9,2020-09-07,NA,6,"1012710","ESQUIMALT+HARBOUR",1994,2026
"FWI","06-11",2001-06-11,6.34705882352941,8.09035827753157,31.5,NA,49.9,2020-09-07,NA,6,"1012710","ESQUIMALT+HARBOUR",1994,2026
"FWI","06-12",2001-06-12,6.21176470588235,6.11257743846051,22.2,NA,49.9,2020-09-07,NA,6,"1012710","ESQUIMALT+HARBOUR",1994,2026
"FWI","06-13",2001-06-13,8.35882352941177,7.59506902729737,29.4,NA,49.9,2020-09-07,NA,6,"1012710","ESQUIMALT+HARBOUR",1994,2026
"FWI","06-14",2001-06-14,7.99411764705882,5.33730627145324,21.9,NA,49.9,2020-09-07,NA,6,"1012710","ESQUIMALT+HARBOUR",1994,2026
"FWI","06-15",2001-06-15,8.19411764705882,8.50415123544344,26.9,NA,49.9,2020-09-07,NA,6,"1012710","ESQUIMALT+HARBOUR",1994,2026
"FWI","06-16",2001-06-16,6.75882352941176,4.78918819106242,18.5,NA,49.9,2020-09-07,NA,6,"1012710","ESQUIMALT+HARBOUR",1994,2026
"FWI","06-17",2001-06-17,6.02941176470588,4.59262516240472,22.7,NA,49.9,2020-09-07,NA,6,"1012710","ESQUIMALT+HARBOUR",1994,2026
"FWI","06-18",2001-06-18,8.1235294117647,8.22629392647174,27.9,NA,49.9,2020-09-07,NA,6,"1012710","ESQUIMALT+HARBOUR",1994,2026
"FWI","06-19",2001-06-19,7.65882352941176,8.46773721423922,35.3,NA,49.9,2020-09-07,NA,6,"1012710","ESQUIMALT+HARBOUR",1994,2026
"FWI","06-20",2001-06-20,5.61764705882353,5.28337431171094,20.7,NA,49.9,2020-09-07,NA,6,"1012710","ESQUIMALT+HARBOUR",1994,2026
"FWI","06-21",2001-06-21,6.45882352941176,5.63327822226204,22.2,NA,49.9,2020-09-07,NA,6,"1012710","ESQUIMALT+HARBOUR",1994,2026
"FWI","06-22",2001-06-22,7.04117647058823,6.22957249973156,24.2,NA,49.9,2020-09-07,NA,6,"1012710","ESQUIMALT+HARBOUR",1994,2026
"FWI","06-23",2001-06-23,6.98235294117647,7.16939984361641,27.3,NA,49.9,2020-09-07,NA,6,"1012710","ESQUIMALT+HARBOUR",1994,2026
"FWI","06-24",2001-06-24,6.89411764705882,6.90900414208112,25,NA,49.9,2020-09-07,NA,6,"1012710","ESQUIMALT+HARBOUR",1994,2026
"FWI","06-25",2001-06-25,6.94117647058824,6.3831867847817,24.5,NA,49.9,2020-09-07,NA,6,"1012710","ESQUIMALT+HARBOUR",1994,2026
"FWI","06-26",2001-06-26,6.87058823529412,4.37032102737922,20.3,NA,49.9,2020-09-07,NA,6,"1012710","ESQUIMALT+HARBOUR",1994,2026
"FWI","06-27",2001-06-27,6.28235294117647,5.57261555444542,21.5,NA,49.9,2020-09-07,NA,6,"1012710","ESQUIMALT+HARBOUR",1994,2026
"FWI","06-28",2001-06-28,5.28823529411765,5.80171120801238,20.6,NA,49.9,2020-09-07,NA,6,"1012710","ESQUIMALT+HARBOUR",1994,2026
"FWI","06-29",2001-06-29,6.74117647058824,6.43564864869205,19,NA,49.9,2020-09-07,NA,6,"1012710","ESQUIMALT+HARBOUR",1994,2026
"FWI","06-30",2001-06-30,5.5,4.17866605509462,22.8,NA,49.9,2020-09-07,NA,6,"1012710","ESQUIMALT+HARBOUR",1994,2026
"FWI","07-01",2001-07-01,7.07058823529412,5.52129567061509,22.8,NA,49.9,2020-09-07,NA,7,"1012710","ESQUIMALT+HARBOUR",1994,2026
"FWI","07-02",2001-07-02,8.58823529411765,8.96638739633619,33.6,NA,49.9,2020-09-07,NA,7,"1012710","ESQUIMALT+HARBOUR",1994,2026
"FWI","07-03",2001-07-03,9.95882352941177,10.2921729255494,33.1,NA,49.9,2020-09-07,NA,7,"1012710","ESQUIMALT+HARBOUR",1994,2026
"FWI","07-04",2001-07-04,10.6058823529412,8.36170366823018,23.7,NA,49.9,2020-09-07,NA,7,"1012710","ESQUIMALT+HARBOUR",1994,2026
"FWI","07-05",2001-07-05,6.87647058823529,7.09537960680793,24.6,NA,49.9,2020-09-07,NA,7,"1012710","ESQUIMALT+HARBOUR",1994,2026
"FWI","07-06",2001-07-06,6.94705882352941,4.9206348227463,19.2,NA,49.9,2020-09-07,NA,7,"1012710","ESQUIMALT+HARBOUR",1994,2026
"FWI","07-07",2001-07-07,9.35294117647059,8.37683693638736,33.8,NA,49.9,2020-09-07,NA,7,"1012710","ESQUIMALT+HARBOUR",1994,2026
"FWI","07-08",2001-07-08,5.97058823529412,4.68785194757182,21.2,NA,49.9,2020-09-07,NA,7,"1012710","ESQUIMALT+HARBOUR",1994,2026
"FWI","07-09",2001-07-09,6.49411764705882,7.06483108328105,21.2,NA,49.9,2020-09-07,NA,7,"1012710","ESQUIMALT+HARBOUR",1994,2026
"FWI","07-10",2001-07-10,6.85882352941177,8.13649639153191,26.2,NA,49.9,2020-09-07,NA,7,"1012710","ESQUIMALT+HARBOUR",1994,2026
"FWI","07-11",2001-07-11,6.37647058823529,5.20943008060439,19,NA,49.9,2020-09-07,NA,7,"1012710","ESQUIMALT+HARBOUR",1994,2026
"FWI","07-12",2001-07-12,7.44117647058823,6.41785194044018,22.8,NA,49.9,2020-09-07,NA,7,"1012710","ESQUIMALT+HARBOUR",1994,2026
"FWI","07-13",2001-07-13,7.64117647058823,6.78288828814184,25.9,NA,49.9,2020-09-07,NA,7,"1012710","ESQUIMALT+HARBOUR",1994,2026
"FWI","07-14",2001-07-14,8.05882352941177,5.22315264274478,19.4,NA,49.9,2020-09-07,NA,7,"1012710","ESQUIMALT+HARBOUR",1994,2026
"FWI","07-15",2001-07-15,9.46470588235294,9.73954190250179,39.3,NA,49.9,2020-09-07,NA,7,"1012710","ESQUIMALT+HARBOUR",1994,2026
"FWI","07-16",2001-07-16,8.83529411764706,7.94378225221388,27.6,NA,49.9,2020-09-07,NA,7,"1012710","ESQUIMALT+HARBOUR",1994,2026
"FWI","07-17",2001-07-17,6.8,6.18900234286593,33.6,NA,49.9,2020-09-07,NA,7,"1012710","ESQUIMALT+HARBOUR",1994,2026
"FWI","07-18",2001-07-18,6.37058823529412,5.22682560282558,18.5,NA,49.9,2020-09-07,NA,7,"1012710","ESQUIMALT+HARBOUR",1994,2026
"FWI","07-19",2001-07-19,8.26470588235294,9.66416972484384,38.3,NA,49.9,2020-09-07,NA,7,"1012710","ESQUIMALT+HARBOUR",1994,2026
"FWI","07-20",2001-07-20,10.3352941176471,12.0548714829561,48,NA,49.9,2020-09-07,NA,7,"1012710","ESQUIMALT+HARBOUR",1994,2026
"FWI","07-21",2001-07-21,9.24117647058824,10.404149341941,45.6,NA,49.9,2020-09-07,NA,7,"1012710","ESQUIMALT+HARBOUR",1994,2026
"FWI","07-22",2001-07-22,11.0941176470588,9.29734307398055,35.6,NA,49.9,2020-09-07,NA,7,"1012710","ESQUIMALT+HARBOUR",1994,2026
"FWI","07-23",2001-07-23,10.6764705882353,6.75689734750395,23.9,NA,49.9,2020-09-07,NA,7,"1012710","ESQUIMALT+HARBOUR",1994,2026
"FWI","07-24",2001-07-24,8.11176470588235,5.36887818274698,21.1,NA,49.9,2020-09-07,NA,7,"1012710","ESQUIMALT+HARBOUR",1994,2026
"FWI","07-25",2001-07-25,7.29411764705882,4.54539197817901,29,NA,49.9,2020-09-07,NA,7,"1012710","ESQUIMALT+HARBOUR",1994,2026
"FWI","07-26",2001-07-26,8.38235294117647,5.58247652190737,21.1,NA,49.9,2020-09-07,NA,7,"1012710","ESQUIMALT+HARBOUR",1994,2026
"FWI","07-27",2001-07-27,8.52941176470588,6.59732566138378,22.3,NA,49.9,2020-09-07,NA,7,"1012710","ESQUIMALT+HARBOUR",1994,2026
"FWI","07-28",2001-07-28,9.16470588235294,5.47550696014426,24,NA,49.9,2020-09-07,NA,7,"1012710","ESQUIMALT+HARBOUR",1994,2026
"FWI","07-29",2001-07-29,9.25294117647059,6.19557479648366,24.3,NA,49.9,2020-09-07,NA,7,"1012710","ESQUIMALT+HARBOUR",1994,2026
"FWI","07-30",2001-07-30,10.5823529411765,5.54799910937692,24.4,NA,49.9,2020-09-07,NA,7,"1012710","ESQUIMALT+HARBOUR",1994,2026
"FWI","07-31",2001-07-31,10.0529411764706,6.35502927285339,26.9,NA,49.9,2020-09-07,NA,7,"1012710","ESQUIMALT+HARBOUR",1994,2026
"FWI","08-01",2001-08-01,10.3882352941176,5.40392014570686,21.1,NA,49.9,2020-09-07,NA,8,"1012710","ESQUIMALT+HARBOUR",1994,2026
"FWI","08-02",2001-08-02,9.18235294117647,6.88460558911308,26.2,NA,49.9,2020-09-07,NA,8,"1012710","ESQUIMALT+HARBOUR",1994,2026
"FWI","08-03",2001-08-03,9.17647058823529,8.58410809372214,37.1,NA,49.9,2020-09-07,NA,8,"1012710","ESQUIMALT+HARBOUR",1994,2026
"FWI","08-04",2001-08-04,7.75294117647059,4.75750954374487,18.2,NA,49.9,2020-09-07,NA,8,"1012710","ESQUIMALT+HARBOUR",1994,2026
"FWI","08-05",2001-08-05,11.5176470588235,9.13483957810136,37.2,NA,49.9,2020-09-07,NA,8,"1012710","ESQUIMALT+HARBOUR",1994,2026
"FWI","08-06",2001-08-06,7.31176470588235,5.47983603232583,37.4,NA,49.9,2020-09-07,NA,8,"1012710","ESQUIMALT+HARBOUR",1994,2026
"FWI","08-07",2001-08-07,7.22941176470588,5.45387072475622,19.4,NA,49.9,2020-09-07,NA,8,"1012710","ESQUIMALT+HARBOUR",1994,2026
"FWI","08-08",2001-08-08,7.55294117647059,5.53806347551412,19.7,NA,49.9,2020-09-07,NA,8,"1012710","ESQUIMALT+HARBOUR",1994,2026
"FWI","08-09",2001-08-09,8.19411764705882,5.62366323985479,19.3,NA,49.9,2020-09-07,NA,8,"1012710","ESQUIMALT+HARBOUR",1994,2026
"FWI","08-10",2001-08-10,7.05294117647059,4.59226491601078,18.5,NA,49.9,2020-09-07,NA,8,"1012710","ESQUIMALT+HARBOUR",1994,2026
"FWI","08-11",2001-08-11,8.16470588235294,4.34884196891405,19.4,NA,49.9,2020-09-07,NA,8,"1012710","ESQUIMALT+HARBOUR",1994,2026
"FWI","08-12",2001-08-12,8.4235294117647,7.32901164992292,32.1,NA,49.9,2020-09-07,NA,8,"1012710","ESQUIMALT+HARBOUR",1994,2026
"FWI","08-13",2001-08-13,7.76470588235294,5.28558667231824,19.8,NA,49.9,2020-09-07,NA,8,"1012710","ESQUIMALT+HARBOUR",1994,2026
"FWI","08-14",2001-08-14,7.5,4.4073801742078,27.4,NA,49.9,2020-09-07,NA,8,"1012710","ESQUIMALT+HARBOUR",1994,2026
"FWI","08-15",2001-08-15,9.31176470588235,6.23807686239729,26.7,NA,49.9,2020-09-07,NA,8,"1012710","ESQUIMALT+HARBOUR",1994,2026
"FWI","08-16",2001-08-16,8.62941176470588,5.84912009471108,20.2,NA,49.9,2020-09-07,NA,8,"1012710","ESQUIMALT+HARBOUR",1994,2026
"FWI","08-17",2001-08-17,9.7,5.86248667375884,20.1,NA,49.9,2020-09-07,NA,8,"1012710","ESQUIMALT+HARBOUR",1994,2026
"FWI","08-18",2001-08-18,10.8294117647059,7.85236944382732,30.5,NA,49.9,2020-09-07,NA,8,"1012710","ESQUIMALT+HARBOUR",1994,2026
"FWI","08-19",2001-08-19,10.3647058823529,7.93677683134585,33.3,NA,49.9,2020-09-07,NA,8,"1012710","ESQUIMALT+HARBOUR",1994,2026
"FWI","08-20",2001-08-20,7.39411764705882,5.17861837127376,17.4,NA,49.9,2020-09-07,NA,8,"1012710","ESQUIMALT+HARBOUR",1994,2026
"FWI","08-21",2001-08-21,10.5352941176471,10.2163435959539,44,NA,49.9,2020-09-07,NA,8,"1012710","ESQUIMALT+HARBOUR",1994,2026
"FWI","08-22",2001-08-22,7.51176470588235,6.22453636355162,32.8,NA,49.9,2020-09-07,NA,8,"1012710","ESQUIMALT+HARBOUR",1994,2026
"FWI","08-23",2001-08-23,8.35882352941177,6.37328985135713,20.9,NA,49.9,2020-09-07,NA,8,"1012710","ESQUIMALT+HARBOUR",1994,2026
"FWI","08-24",2001-08-24,8.44117647058824,6.51162986735362,22.4,NA,49.9,2020-09-07,NA,8,"1012710","ESQUIMALT+HARBOUR",1994,2026
"FWI","08-25",2001-08-25,8.0764705882353,5.20883017238092,19.3,NA,49.9,2020-09-07,NA,8,"1012710","ESQUIMALT+HARBOUR",1994,2026
"FWI","08-26",2001-08-26,8.73529411764706,7.19886633231846,25.5,NA,49.9,2020-09-07,NA,8,"1012710","ESQUIMALT+HARBOUR",1994,2026
"FWI","08-27",2001-08-27,9.53529411764706,8.81723746252692,37,NA,49.9,2020-09-07,NA,8,"1012710","ESQUIMALT+HARBOUR",1994,2026
"FWI","08-28",2001-08-28,6.58235294117647,4.90296278974734,20,NA,49.9,2020-09-07,NA,8,"1012710","ESQUIMALT+HARBOUR",1994,2026
"FWI","08-29",2001-08-29,8.44705882352941,8.836226403778,38.6,NA,49.9,2020-09-07,NA,8,"1012710","ESQUIMALT+HARBOUR",1994,2026
"FWI","08-30",2001-08-30,6.32941176470588,4.49621572907183,35.8,NA,49.9,2020-09-07,NA,8,"1012710","ESQUIMALT+HARBOUR",1994,2026
"FWI","08-31",2001-08-31,6.95882352941176,7.4927513991465,23.7,NA,49.9,2020-09-07,NA,8,"1012710","ESQUIMALT+HARBOUR",1994,2026
"FWI","09-01",2001-09-01,7.11764705882353,6.62563537463744,20.9,NA,49.9,2020-09-07,NA,9,"1012710","ESQUIMALT+HARBOUR",1994,2026
"FWI","09-02",2001-09-02,6.58823529411765,6.13655872139887,20.1,NA,49.9,2020-09-07,NA,9,"1012710","ESQUIMALT+HARBOUR",1994,2026
"FWI","09-03",2001-09-03,4.85882352941176,4.68935747511445,16.1,NA,49.9,2020-09-07,NA,9,"1012710","ESQUIMALT+HARBOUR",1994,2026
"FWI","09-04",2001-09-04,5.69411764705882,5.41300177676805,16.5,NA,49.9,2020-09-07,NA,9,"1012710","ESQUIMALT+HARBOUR",1994,2026
"FWI","09-05",2001-09-05,6.31764705882353,5.32074187662276,15.3,NA,49.9,2020-09-07,NA,9,"1012710","ESQUIMALT+HARBOUR",1994,2026
"FWI","09-06",2001-09-06,5.18235294117647,4.42764543721006,16.1,NA,49.9,2020-09-07,NA,9,"1012710","ESQUIMALT+HARBOUR",1994,2026
"FWI","09-07",2001-09-07,7.65882352941176,11.7182581269322,49.9,NA,49.9,2020-09-07,NA,9,"1012710","ESQUIMALT+HARBOUR",1994,2026
"FWI","09-08",2001-09-08,5.81176470588235,6.76386375832456,27.4,NA,49.9,2020-09-07,NA,9,"1012710","ESQUIMALT+HARBOUR",1994,2026
"FWI","09-09",2001-09-09,5.1,5.11676167121354,43,NA,49.9,2020-09-07,NA,9,"1012710","ESQUIMALT+HARBOUR",1994,2026
"FWI","09-10",2001-09-10,7.28823529411765,9.55077760924086,38.6,NA,49.9,2020-09-07,NA,9,"1012710","ESQUIMALT+HARBOUR",1994,2026
"FWI","09-11",2001-09-11,7.18823529411765,6.84925929872541,23.4,NA,49.9,2020-09-07,NA,9,"1012710","ESQUIMALT+HARBOUR",1994,2026
"FWI","09-12",2001-09-12,7.33529411764706,5.61303629692417,22,NA,49.9,2020-09-07,NA,9,"1012710","ESQUIMALT+HARBOUR",1994,2026
"FWI","09-13",2001-09-13,7.18235294117647,7.1120703116355,20.9,NA,49.9,2020-09-07,NA,9,"1012710","ESQUIMALT+HARBOUR",1994,2026
"FWI","09-14",2001-09-14,4.88823529411765,4.5708153475257,12.8,NA,49.9,2020-09-07,NA,9,"1012710","ESQUIMALT+HARBOUR",1994,2026
"FWI","09-15",2001-09-15,3.92352941176471,4.35395357861173,16.9,NA,49.9,2020-09-07,NA,9,"1012710","ESQUIMALT+HARBOUR",1994,2026
"FWI","09-16",2001-09-16,4.41764705882353,5.19016320722644,46.2,NA,49.9,2020-09-07,NA,9,"1012710","ESQUIMALT+HARBOUR",1994,2026
"FWI","09-17",2001-09-17,3.11764705882353,3.068435125214,13.8,NA,49.9,2020-09-07,NA,9,"1012710","ESQUIMALT+HARBOUR",1994,2026
"FWI","09-18",2001-09-18,2.98823529411765,3.38246994682532,25,NA,49.9,2020-09-07,NA,9,"1012710","ESQUIMALT+HARBOUR",1994,2026
"FWI","09-19",2001-09-19,2.94705882352941,2.58580684870768,24.4,NA,49.9,2020-09-07,NA,9,"1012710","ESQUIMALT+HARBOUR",1994,2026
"FWI","09-20",2001-09-20,4.04705882352941,3.49322874413107,46.7,NA,49.9,2020-09-07,NA,9,"1012710","ESQUIMALT+HARBOUR",1994,2026
"FWI","09-21",2001-09-21,4.34117647058824,4.80872369027497,19,NA,49.9,2020-09-07,NA,9,"1012710","ESQUIMALT+HARBOUR",1994,2026
"FWI","09-22",2001-09-22,3.9,4.32203655699486,30.5,NA,49.9,2020-09-07,NA,9,"1012710","ESQUIMALT+HARBOUR",1994,2026
"FWI","09-23",2001-09-23,3.55882352941176,3.36972899940214,13.2,NA,49.9,2020-09-07,NA,9,"1012710","ESQUIMALT+HARBOUR",1994,2026
"FWI","09-24",2001-09-24,2.87647058823529,2.69525727245209,10.9,NA,49.9,2020-09-07,NA,9,"1012710","ESQUIMALT+HARBOUR",1994,2026
"FWI","09-25",2001-09-25,2.01764705882353,2.39380327463371,11.2,NA,49.9,2020-09-07,NA,9,"1012710","ESQUIMALT+HARBOUR",1994,2026
"FWI","09-26",2001-09-26,1.87647058823529,1.97247604920969,13.4,NA,49.9,2020-09-07,NA,9,"1012710","ESQUIMALT+HARBOUR",1994,2026
"FWI","09-27",2001-09-27,2.58823529411765,2.71359594287294,10.6,NA,49.9,2020-09-07,NA,9,"1012710","ESQUIMALT+HARBOUR",1994,2026
"FWI","09-28",2001-09-28,3.54117647058824,4.3630635486332,15.6,NA,49.9,2020-09-07,NA,9,"1012710","ESQUIMALT+HARBOUR",1994,2026
"FWI","09-29",2001-09-29,4.44705882352941,6.10636119623001,26.6,NA,49.9,2020-09-07,NA,9,"1012710","ESQUIMALT+HARBOUR",1994,2026
"FWI","09-30",2001-09-30,3.97647058823529,5.09037442284022,21.4,NA,49.9,2020-09-07,NA,9,"1012710","ESQUIMALT+HARBOUR",1994,2026
"FWI","10-01",2001-10-01,4.15,5.51555376488466,19.7,NA,49.9,2020-09-07,NA,10,"1012710","ESQUIMALT+HARBOUR",1994,2026
"FWI","10-02",2001-10-02,3.38125,3.19817004967945,11.5,NA,49.9,2020-09-07,NA,10,"1012710","ESQUIMALT+HARBOUR",1994,2026
"FWI","10-03",2001-10-03,3.86470588235294,4.82635229449615,16.1,NA,49.9,2020-09-07,NA,10,"1012710","ESQUIMALT+HARBOUR",1994,2026
"FWI","10-04",2001-10-04,4.54705882352941,6.33493465308234,23.4,NA,49.9,2020-09-07,NA,10,"1012710","ESQUIMALT+HARBOUR",1994,2026
"FWI","10-05",2001-10-05,4.54705882352941,6.94389278854617,26.3,NA,49.9,2020-09-07,NA,10,"1012710","ESQUIMALT+HARBOUR",1994,2026
"FWI","10-06",2001-10-06,3.27647058823529,5.40260694153349,18.7,NA,49.9,2020-09-07,NA,10,"1012710","ESQUIMALT+HARBOUR",1994,2026
"FWI","10-07",2001-10-07,1.87647058823529,2.52995291748797,11,NA,49.9,2020-09-07,NA,10,"1012710","ESQUIMALT+HARBOUR",1994,2026
"FWI","10-08",2001-10-08,1.65,2.51449133358353,11.6,NA,49.9,2020-09-07,NA,10,"1012710","ESQUIMALT+HARBOUR",1994,2026
"FWI","10-09",2001-10-09,1.4875,2.2618208004467,12.5,NA,49.9,2020-09-07,NA,10,"1012710","ESQUIMALT+HARBOUR",1994,2026
"FWI","10-10",2001-10-10,1.92352941176471,4.00492344055487,21.1,NA,49.9,2020-09-07,NA,10,"1012710","ESQUIMALT+HARBOUR",1994,2026
"FWI","10-11",2001-10-11,1.87647058823529,3.46834423964893,14.3,NA,49.9,2020-09-07,NA,10,"1012710","ESQUIMALT+HARBOUR",1994,2026
"FWI","10-12",2001-10-12,1.25294117647059,1.95388000113199,12.1,NA,49.9,2020-09-07,NA,10,"1012710","ESQUIMALT+HARBOUR",1994,2026
"FWI","10-13",2001-10-13,0.676470588235294,2.03393996093933,12.7,NA,49.9,2020-09-07,NA,10,"1012710","ESQUIMALT+HARBOUR",1994,2026
"FWI","10-14",2001-10-14,1.00588235294118,2.14751908845861,10.9,NA,49.9,2020-09-07,NA,10,"1012710","ESQUIMALT+HARBOUR",1994,2026
"FWI","10-15",2001-10-15,1.26470588235294,1.99183997112927,39.2,NA,49.9,2020-09-07,NA,10,"1012710","ESQUIMALT+HARBOUR",1994,2026
"FWI","10-16",2001-10-16,1.59411764705882,2.82632061792255,38.9,NA,49.9,2020-09-07,NA,10,"1012710","ESQUIMALT+HARBOUR",1994,2026
"FWI","10-17",2001-10-17,1.67058823529412,2.74175233789504,16.8,NA,49.9,2020-09-07,NA,10,"1012710","ESQUIMALT+HARBOUR",1994,2026
"FWI","10-18",2001-10-18,1.36470588235294,2.39972424886449,11.5,NA,49.9,2020-09-07,NA,10,"1012710","ESQUIMALT+HARBOUR",1994,2026
"FWI","10-19",2001-10-19,1.22352941176471,2.00515878790331,11.7,NA,49.9,2020-09-07,NA,10,"1012710","ESQUIMALT+HARBOUR",1994,2026
"FWI","10-20",2001-10-20,0.794117647058823,0.941056977708639,7.7,NA,49.9,2020-09-07,NA,10,"1012710","ESQUIMALT+HARBOUR",1994,2026
"FWI","10-21",2001-10-21,0.811764705882353,1.02949159354337,14.1,NA,49.9,2020-09-07,NA,10,"1012710","ESQUIMALT+HARBOUR",1994,2026
"FWI","10-22",2001-10-22,0.611764705882353,0.648924449513555,6.7,NA,49.9,2020-09-07,NA,10,"1012710","ESQUIMALT+HARBOUR",1994,2026
"FWI","10-23",2001-10-23,0.529411764705882,0.692608029373715,6,NA,49.9,2020-09-07,NA,10,"1012710","ESQUIMALT+HARBOUR",1994,2026
"FWI","10-24",2001-10-24,0.952941176470588,1.44357094000383,6,NA,49.9,2020-09-07,NA,10,"1012710","ESQUIMALT+HARBOUR",1994,2026
"FWI","10-25",2001-10-25,1.4,1.85539753152795,6.5,NA,49.9,2020-09-07,NA,10,"1012710","ESQUIMALT+HARBOUR",1994,2026
"FWI","10-26",2001-10-26,0.729411764705882,0.98790479417449,4.9,NA,49.9,2020-09-07,NA,10,"1012710","ESQUIMALT+HARBOUR",1994,2026
"FWI","10-27",2001-10-27,1.22941176470588,1.69143604146091,7,NA,49.9,2020-09-07,NA,10,"1012710","ESQUIMALT+HARBOUR",1994,2026
"FWI","10-28",2001-10-28,1.14705882352941,2.19092379119483,8.8,NA,49.9,2020-09-07,NA,10,"1012710","ESQUIMALT+HARBOUR",1994,2026
"FWI","10-29",2001-10-29,1.05294117647059,2.06007210039443,7.4,NA,49.9,2020-09-07,NA,10,"1012710","ESQUIMALT+HARBOUR",1994,2026
"FWI","10-30",2001-10-30,1.9,3.08949834115508,11.4,NA,49.9,2020-09-07,NA,10,"1012710","ESQUIMALT+HARBOUR",1994,2026
"FWI","10-31",2001-10-31,0.894117647058824,1.47541120888182,4.6,NA,49.9,2020-09-07,NA,10,"1012710","ESQUIMALT+HARBOUR",1994,2026
"ISI","04-01",2001-04-01,2.62,2.86309855459663,9.8,2.3,28.1,2020-09-07,NA,4,"1012710","ESQUIMALT+HARBOUR",1994,2026
"ISI","04-02",2001-04-02,2.99,2.40944899187438,7.4,3.1,28.1,2020-09-07,NA,4,"1012710","ESQUIMALT+HARBOUR",1994,2026
"ISI","04-03",2001-04-03,2.15,0.832999933306653,3.8,1.7,28.1,2020-09-07,NA,4,"1012710","ESQUIMALT+HARBOUR",1994,2026
"ISI","04-04",2001-04-04,1.88,0.896660470858396,3.6,2.1,28.1,2020-09-07,NA,4,"1012710","ESQUIMALT+HARBOUR",1994,2026
"ISI","04-05",2001-04-05,1.56,1.26947058081531,4.5,3.4,28.1,2020-09-07,NA,4,"1012710","ESQUIMALT+HARBOUR",1994,2026
"ISI","04-06",2001-04-06,1.51,1.08161402029046,5.4,2.7,28.1,2020-09-07,NA,4,"1012710","ESQUIMALT+HARBOUR",1994,2026
"ISI","04-07",2001-04-07,2.34,1.92769292160344,5.4,3,28.1,2020-09-07,NA,4,"1012710","ESQUIMALT+HARBOUR",1994,2026
"ISI","04-08",2001-04-08,2.64,2.31094016461795,7,2.8,28.1,2020-09-07,NA,4,"1012710","ESQUIMALT+HARBOUR",1994,2026
"ISI","04-09",2001-04-09,1.95,0.753141568513,4.7,4.7,28.1,2020-09-07,NA,4,"1012710","ESQUIMALT+HARBOUR",1994,2026
"ISI","04-10",2001-04-10,2.05,1.2294985427672,4.4,2.6,28.1,2020-09-07,NA,4,"1012710","ESQUIMALT+HARBOUR",1994,2026
"ISI","04-11",2001-04-11,3.44,2.68543396037876,7.3,2.2,28.1,2020-09-07,NA,4,"1012710","ESQUIMALT+HARBOUR",1994,2026
"ISI","04-12",2001-04-12,1.76,2.26382174406222,7.9,1.3,28.1,2020-09-07,NA,4,"1012710","ESQUIMALT+HARBOUR",1994,2026
"ISI","04-13",2001-04-13,1.73,2.1024060290798,8.1,5,28.1,2020-09-07,NA,4,"1012710","ESQUIMALT+HARBOUR",1994,2026
"ISI","04-14",2001-04-14,2.23,2.01607429316371,6.5,0.3,28.1,2020-09-07,NA,4,"1012710","ESQUIMALT+HARBOUR",1994,2026
"ISI","04-15",2001-04-15,2.44,2.39916652194048,8.3,0.5,28.1,2020-09-07,NA,4,"1012710","ESQUIMALT+HARBOUR",1994,2026
"ISI","04-16",2001-04-16,1.93636363636364,1.72352703911063,5.6,0.2,28.1,2020-09-07,NA,4,"1012710","ESQUIMALT+HARBOUR",1994,2026
"ISI","04-17",2001-04-17,2.53333333333333,2.53711838450036,9.1,1,28.1,2020-09-07,NA,4,"1012710","ESQUIMALT+HARBOUR",1994,2026
"ISI","04-18",2001-04-18,2.275,1.93490662213029,7.5,1.3,28.1,2020-09-07,NA,4,"1012710","ESQUIMALT+HARBOUR",1994,2026
"ISI","04-19",2001-04-19,1.60909090909091,0.967940644310947,7.9,7.9,28.1,2020-09-07,NA,4,"1012710","ESQUIMALT+HARBOUR",1994,2026
"ISI","04-20",2001-04-20,1.64166666666667,0.920926740086344,4.2,4.2,28.1,2020-09-07,NA,4,"1012710","ESQUIMALT+HARBOUR",1994,2026
"ISI","04-21",2001-04-21,2.625,1.56270453206787,5.6,5.6,28.1,2020-09-07,NA,4,"1012710","ESQUIMALT+HARBOUR",1994,2026
"ISI","04-22",2001-04-22,2.23333333333333,2.99281969001971,11.1,1.9,28.1,2020-09-07,NA,4,"1012710","ESQUIMALT+HARBOUR",1994,2026
"ISI","04-23",2001-04-23,1.99166666666667,1.33923881591769,5.5,1.8,28.1,2020-09-07,NA,4,"1012710","ESQUIMALT+HARBOUR",1994,2026
"ISI","04-24",2001-04-24,2.80769230769231,3.84739339000263,14.1,1.8,28.1,2020-09-07,NA,4,"1012710","ESQUIMALT+HARBOUR",1994,2026
"ISI","04-25",2001-04-25,2.37692307692308,2.18790380888262,7.4,2.1,28.1,2020-09-07,NA,4,"1012710","ESQUIMALT+HARBOUR",1994,2026
"ISI","04-26",2001-04-26,3.62307692307692,3.65060585066686,12.7,2.7,28.1,2020-09-07,NA,4,"1012710","ESQUIMALT+HARBOUR",1994,2026
"ISI","04-27",2001-04-27,4.16923076923077,4.54833020924247,17.2,2.2,28.1,2020-09-07,NA,4,"1012710","ESQUIMALT+HARBOUR",1994,2026
"ISI","04-28",2001-04-28,2.03076923076923,1.50907511155267,7.4,4.1,28.1,2020-09-07,NA,4,"1012710","ESQUIMALT+HARBOUR",1994,2026
"ISI","04-29",2001-04-29,2.56153846153846,1.60444095224186,5.8,1.9,28.1,2020-09-07,NA,4,"1012710","ESQUIMALT+HARBOUR",1994,2026
"ISI","04-30",2001-04-30,2.96153846153846,2.48479994551488,8.3,2,28.1,2020-09-07,NA,4,"1012710","ESQUIMALT+HARBOUR",1994,2026
"ISI","05-01",2001-05-01,4.13846153846154,2.9469018933841,9.5,2.1,28.1,2020-09-07,NA,5,"1012710","ESQUIMALT+HARBOUR",1994,2026
"ISI","05-02",2001-05-02,4.09230769230769,2.74300976376362,7.9,2.4,28.1,2020-09-07,NA,5,"1012710","ESQUIMALT+HARBOUR",1994,2026
"ISI","05-03",2001-05-03,2.33076923076923,1.42149253450063,5.5,NA,28.1,2020-09-07,NA,5,"1012710","ESQUIMALT+HARBOUR",1994,2026
"ISI","05-04",2001-05-04,2.52307692307692,1.83264555863641,7.9,NA,28.1,2020-09-07,NA,5,"1012710","ESQUIMALT+HARBOUR",1994,2026
"ISI","05-05",2001-05-05,2.92307692307692,2.5968422639024,8.5,NA,28.1,2020-09-07,NA,5,"1012710","ESQUIMALT+HARBOUR",1994,2026
"ISI","05-06",2001-05-06,3.45714285714286,3.15807007417609,13.1,NA,28.1,2020-09-07,NA,5,"1012710","ESQUIMALT+HARBOUR",1994,2026
"ISI","05-07",2001-05-07,2.75,1.46169027551614,7.5,NA,28.1,2020-09-07,NA,5,"1012710","ESQUIMALT+HARBOUR",1994,2026
"ISI","05-08",2001-05-08,3.49333333333333,2.69058322585236,9.4,NA,28.1,2020-09-07,NA,5,"1012710","ESQUIMALT+HARBOUR",1994,2026
"ISI","05-09",2001-05-09,4.3,4.18295862484233,13.5,NA,28.1,2020-09-07,NA,5,"1012710","ESQUIMALT+HARBOUR",1994,2026
"ISI","05-10",2001-05-10,3.2,2.99666481275434,12.5,NA,28.1,2020-09-07,NA,5,"1012710","ESQUIMALT+HARBOUR",1994,2026
"ISI","05-11",2001-05-11,3.34666666666667,3.29390490509509,12.1,NA,28.1,2020-09-07,NA,5,"1012710","ESQUIMALT+HARBOUR",1994,2026
"ISI","05-12",2001-05-12,2.16666666666667,1.70782512765993,6.3,NA,28.1,2020-09-07,NA,5,"1012710","ESQUIMALT+HARBOUR",1994,2026
"ISI","05-13",2001-05-13,2.22,1.75181538492421,5.9,NA,28.1,2020-09-07,NA,5,"1012710","ESQUIMALT+HARBOUR",1994,2026
"ISI","05-14",2001-05-14,2.03333333333333,1.6443264650943,6.6,NA,28.1,2020-09-07,NA,5,"1012710","ESQUIMALT+HARBOUR",1994,2026
"ISI","05-15",2001-05-15,2.39333333333333,1.63771036453191,7.4,NA,28.1,2020-09-07,NA,5,"1012710","ESQUIMALT+HARBOUR",1994,2026
"ISI","05-16",2001-05-16,2.19333333333333,1.33280942087793,10,NA,28.1,2020-09-07,NA,5,"1012710","ESQUIMALT+HARBOUR",1994,2026
"ISI","05-17",2001-05-17,2.76875,2.56039547726518,8.3,NA,28.1,2020-09-07,NA,5,"1012710","ESQUIMALT+HARBOUR",1994,2026
"ISI","05-18",2001-05-18,2.35625,1.60165279217022,13.8,NA,28.1,2020-09-07,NA,5,"1012710","ESQUIMALT+HARBOUR",1994,2026
"ISI","05-19",2001-05-19,3.35625,3.78734185588433,16.5,NA,28.1,2020-09-07,NA,5,"1012710","ESQUIMALT+HARBOUR",1994,2026
"ISI","05-20",2001-05-20,2.95625,2.25565031273319,10.1,NA,28.1,2020-09-07,NA,5,"1012710","ESQUIMALT+HARBOUR",1994,2026
"ISI","05-21",2001-05-21,2.66875,3.01213517846283,12.3,NA,28.1,2020-09-07,NA,5,"1012710","ESQUIMALT+HARBOUR",1994,2026
"ISI","05-22",2001-05-22,3.1125,2.60509116922998,8.3,NA,28.1,2020-09-07,NA,5,"1012710","ESQUIMALT+HARBOUR",1994,2026
"ISI","05-23",2001-05-23,2.73125,2.69610057923167,10.7,NA,28.1,2020-09-07,NA,5,"1012710","ESQUIMALT+HARBOUR",1994,2026
"ISI","05-24",2001-05-24,2.95625,3.05395235719223,10.5,NA,28.1,2020-09-07,NA,5,"1012710","ESQUIMALT+HARBOUR",1994,2026
"ISI","05-25",2001-05-25,4.06875,6.39674070653694,26.2,NA,28.1,2020-09-07,NA,5,"1012710","ESQUIMALT+HARBOUR",1994,2026
"ISI","05-26",2001-05-26,2.38125,2.35123194659027,8.4,NA,28.1,2020-09-07,NA,5,"1012710","ESQUIMALT+HARBOUR",1994,2026
"ISI","05-27",2001-05-27,3.275,3.87048661884609,13.9,NA,28.1,2020-09-07,NA,5,"1012710","ESQUIMALT+HARBOUR",1994,2026
"ISI","05-28",2001-05-28,2.425,3.56697817954264,13.3,NA,28.1,2020-09-07,NA,5,"1012710","ESQUIMALT+HARBOUR",1994,2026
"ISI","05-29",2001-05-29,2.6125,2.83146016512093,10.7,NA,28.1,2020-09-07,NA,5,"1012710","ESQUIMALT+HARBOUR",1994,2026
"ISI","05-30",2001-05-30,2,1.70019606712481,9.6,NA,28.1,2020-09-07,NA,5,"1012710","ESQUIMALT+HARBOUR",1994,2026
"ISI","05-31",2001-05-31,2.58125,2.44055150871,8.9,NA,28.1,2020-09-07,NA,5,"1012710","ESQUIMALT+HARBOUR",1994,2026
"ISI","06-01",2001-06-01,2.3125,1.74618632071915,5.2,NA,28.1,2020-09-07,NA,6,"1012710","ESQUIMALT+HARBOUR",1994,2026
"ISI","06-02",2001-06-02,2.26875,1.40935860116106,5.5,NA,28.1,2020-09-07,NA,6,"1012710","ESQUIMALT+HARBOUR",1994,2026
"ISI","06-03",2001-06-03,2.8,1.87509999733348,11.9,NA,28.1,2020-09-07,NA,6,"1012710","ESQUIMALT+HARBOUR",1994,2026
"ISI","06-04",2001-06-04,4.1,3.04849689737965,10.1,NA,28.1,2020-09-07,NA,6,"1012710","ESQUIMALT+HARBOUR",1994,2026
"ISI","06-05",2001-06-05,3.18823529411765,2.87182049250584,13.8,NA,28.1,2020-09-07,NA,6,"1012710","ESQUIMALT+HARBOUR",1994,2026
"ISI","06-06",2001-06-06,2.35294117647059,1.30629133765157,6.6,NA,28.1,2020-09-07,NA,6,"1012710","ESQUIMALT+HARBOUR",1994,2026
"ISI","06-07",2001-06-07,3.85294117647059,3.07939069603445,11.9,NA,28.1,2020-09-07,NA,6,"1012710","ESQUIMALT+HARBOUR",1994,2026
"ISI","06-08",2001-06-08,3.62941176470588,2.70017700944826,10.5,NA,28.1,2020-09-07,NA,6,"1012710","ESQUIMALT+HARBOUR",1994,2026
"ISI","06-09",2001-06-09,2.65882352941177,1.86214218829062,7.7,NA,28.1,2020-09-07,NA,6,"1012710","ESQUIMALT+HARBOUR",1994,2026
"ISI","06-10",2001-06-10,1.93529411764706,1.43655019772657,5.5,NA,28.1,2020-09-07,NA,6,"1012710","ESQUIMALT+HARBOUR",1994,2026
"ISI","06-11",2001-06-11,2.83529411764706,2.96773086222256,14.7,NA,28.1,2020-09-07,NA,6,"1012710","ESQUIMALT+HARBOUR",1994,2026
"ISI","06-12",2001-06-12,2.72941176470588,1.92443651034607,6.7,NA,28.1,2020-09-07,NA,6,"1012710","ESQUIMALT+HARBOUR",1994,2026
"ISI","06-13",2001-06-13,4.21764705882353,3.52743449516034,13.4,NA,28.1,2020-09-07,NA,6,"1012710","ESQUIMALT+HARBOUR",1994,2026
"ISI","06-14",2001-06-14,3.95294117647059,2.59882609245473,9,NA,28.1,2020-09-07,NA,6,"1012710","ESQUIMALT+HARBOUR",1994,2026
"ISI","06-15",2001-06-15,4.15294117647059,4.64678889759622,16.3,NA,28.1,2020-09-07,NA,6,"1012710","ESQUIMALT+HARBOUR",1994,2026
"ISI","06-16",2001-06-16,2.84705882352941,1.57007867918252,7.9,NA,28.1,2020-09-07,NA,6,"1012710","ESQUIMALT+HARBOUR",1994,2026
"ISI","06-17",2001-06-17,2.68235294117647,1.4621197343744,11.3,NA,28.1,2020-09-07,NA,6,"1012710","ESQUIMALT+HARBOUR",1994,2026
"ISI","06-18",2001-06-18,3.69411764705882,3.37147419318228,13.4,NA,28.1,2020-09-07,NA,6,"1012710","ESQUIMALT+HARBOUR",1994,2026
"ISI","06-19",2001-06-19,3.64705882352941,4.36751039596056,19,NA,28.1,2020-09-07,NA,6,"1012710","ESQUIMALT+HARBOUR",1994,2026
"ISI","06-20",2001-06-20,2.38235294117647,1.88488570413356,7.8,NA,28.1,2020-09-07,NA,6,"1012710","ESQUIMALT+HARBOUR",1994,2026
"ISI","06-21",2001-06-21,2.72941176470588,2.01859007288576,7.7,NA,28.1,2020-09-07,NA,6,"1012710","ESQUIMALT+HARBOUR",1994,2026
"ISI","06-22",2001-06-22,2.77058823529412,1.81754116386753,8.5,NA,28.1,2020-09-07,NA,6,"1012710","ESQUIMALT+HARBOUR",1994,2026
"ISI","06-23",2001-06-23,3.04117647058824,2.89915048409215,11.9,NA,28.1,2020-09-07,NA,6,"1012710","ESQUIMALT+HARBOUR",1994,2026
"ISI","06-24",2001-06-24,2.88823529411765,2.7413232099073,8.5,NA,28.1,2020-09-07,NA,6,"1012710","ESQUIMALT+HARBOUR",1994,2026
"ISI","06-25",2001-06-25,2.96470588235294,2.82531882636071,11.9,NA,28.1,2020-09-07,NA,6,"1012710","ESQUIMALT+HARBOUR",1994,2026
"ISI","06-26",2001-06-26,2.95882352941176,1.72048642232706,12,NA,28.1,2020-09-07,NA,6,"1012710","ESQUIMALT+HARBOUR",1994,2026
"ISI","06-27",2001-06-27,2.71764705882353,2.61109059927974,11.7,NA,28.1,2020-09-07,NA,6,"1012710","ESQUIMALT+HARBOUR",1994,2026
"ISI","06-28",2001-06-28,2.12941176470588,2.17651232074458,8.7,NA,28.1,2020-09-07,NA,6,"1012710","ESQUIMALT+HARBOUR",1994,2026
"ISI","06-29",2001-06-29,2.71764705882353,2.57954339324754,7.9,NA,28.1,2020-09-07,NA,6,"1012710","ESQUIMALT+HARBOUR",1994,2026
"ISI","06-30",2001-06-30,2.05882352941176,1.47735355599523,7.4,NA,28.1,2020-09-07,NA,6,"1012710","ESQUIMALT+HARBOUR",1994,2026
"ISI","07-01",2001-07-01,2.77058823529412,1.73880875381767,8.5,NA,28.1,2020-09-07,NA,7,"1012710","ESQUIMALT+HARBOUR",1994,2026
"ISI","07-02",2001-07-02,3.53529411764706,3.54840477828957,14.5,NA,28.1,2020-09-07,NA,7,"1012710","ESQUIMALT+HARBOUR",1994,2026
"ISI","07-03",2001-07-03,4.12941176470588,4.37103601933832,14.5,NA,28.1,2020-09-07,NA,7,"1012710","ESQUIMALT+HARBOUR",1994,2026
"ISI","07-04",2001-07-04,4.38823529411765,3.21478660896434,9.1,NA,28.1,2020-09-07,NA,7,"1012710","ESQUIMALT+HARBOUR",1994,2026
"ISI","07-05",2001-07-05,2.41176470588235,2.19228258698017,9.1,NA,28.1,2020-09-07,NA,7,"1012710","ESQUIMALT+HARBOUR",1994,2026
"ISI","07-06",2001-07-06,2.51764705882353,1.15392552517355,4.4,NA,28.1,2020-09-07,NA,7,"1012710","ESQUIMALT+HARBOUR",1994,2026
"ISI","07-07",2001-07-07,3.92941176470588,3.84833806757579,14.8,NA,28.1,2020-09-07,NA,7,"1012710","ESQUIMALT+HARBOUR",1994,2026
"ISI","07-08",2001-07-08,2.16470588235294,1.38696664364657,8.2,NA,28.1,2020-09-07,NA,7,"1012710","ESQUIMALT+HARBOUR",1994,2026
"ISI","07-09",2001-07-09,2.4,2.25693376065847,8.4,NA,28.1,2020-09-07,NA,7,"1012710","ESQUIMALT+HARBOUR",1994,2026
"ISI","07-10",2001-07-10,2.45882352941176,2.37198725321444,9,NA,28.1,2020-09-07,NA,7,"1012710","ESQUIMALT+HARBOUR",1994,2026
"ISI","07-11",2001-07-11,2.4,2.06367390834889,9,NA,28.1,2020-09-07,NA,7,"1012710","ESQUIMALT+HARBOUR",1994,2026
"ISI","07-12",2001-07-12,2.94705882352941,2.7971229967278,11.3,NA,28.1,2020-09-07,NA,7,"1012710","ESQUIMALT+HARBOUR",1994,2026
"ISI","07-13",2001-07-13,2.59411764705882,1.53967146992276,6.3,NA,28.1,2020-09-07,NA,7,"1012710","ESQUIMALT+HARBOUR",1994,2026
"ISI","07-14",2001-07-14,2.87647058823529,1.52214052068325,6.6,NA,28.1,2020-09-07,NA,7,"1012710","ESQUIMALT+HARBOUR",1994,2026
"ISI","07-15",2001-07-15,3.30588235294118,2.89146817988615,11.6,NA,28.1,2020-09-07,NA,7,"1012710","ESQUIMALT+HARBOUR",1994,2026
"ISI","07-16",2001-07-16,2.99411764705882,2.79988182523729,10.9,NA,28.1,2020-09-07,NA,7,"1012710","ESQUIMALT+HARBOUR",1994,2026
"ISI","07-17",2001-07-17,2.18823529411765,1.88244599953796,11.3,NA,28.1,2020-09-07,NA,7,"1012710","ESQUIMALT+HARBOUR",1994,2026
"ISI","07-18",2001-07-18,2.02941176470588,1.22666453537752,5.5,NA,28.1,2020-09-07,NA,7,"1012710","ESQUIMALT+HARBOUR",1994,2026
"ISI","07-19",2001-07-19,2.8,3.11769145362398,13.8,NA,28.1,2020-09-07,NA,7,"1012710","ESQUIMALT+HARBOUR",1994,2026
"ISI","07-20",2001-07-20,3.55294117647059,3.68834611429344,15.3,NA,28.1,2020-09-07,NA,7,"1012710","ESQUIMALT+HARBOUR",1994,2026
"ISI","07-21",2001-07-21,3.20588235294118,3.19637892548648,16.3,NA,28.1,2020-09-07,NA,7,"1012710","ESQUIMALT+HARBOUR",1994,2026
"ISI","07-22",2001-07-22,4.15882352941177,3.41138879774964,11.6,NA,28.1,2020-09-07,NA,7,"1012710","ESQUIMALT+HARBOUR",1994,2026
"ISI","07-23",2001-07-23,3.98235294117647,2.97641464141794,13.9,NA,28.1,2020-09-07,NA,7,"1012710","ESQUIMALT+HARBOUR",1994,2026
"ISI","07-24",2001-07-24,2.9,1.945828872229,7.7,NA,28.1,2020-09-07,NA,7,"1012710","ESQUIMALT+HARBOUR",1994,2026
"ISI","07-25",2001-07-25,2.35882352941176,1.15545381967942,9.4,NA,28.1,2020-09-07,NA,7,"1012710","ESQUIMALT+HARBOUR",1994,2026
"ISI","07-26",2001-07-26,2.66470588235294,1.46113875815688,6.4,NA,28.1,2020-09-07,NA,7,"1012710","ESQUIMALT+HARBOUR",1994,2026
"ISI","07-27",2001-07-27,2.95882352941177,2.49951465877113,11,NA,28.1,2020-09-07,NA,7,"1012710","ESQUIMALT+HARBOUR",1994,2026
"ISI","07-28",2001-07-28,3.10588235294118,1.7523094005609,8.2,NA,28.1,2020-09-07,NA,7,"1012710","ESQUIMALT+HARBOUR",1994,2026
"ISI","07-29",2001-07-29,3.08235294117647,1.96157949562261,9,NA,28.1,2020-09-07,NA,7,"1012710","ESQUIMALT+HARBOUR",1994,2026
"ISI","07-30",2001-07-30,3.48823529411765,1.61975397550877,8.3,NA,28.1,2020-09-07,NA,7,"1012710","ESQUIMALT+HARBOUR",1994,2026
"ISI","07-31",2001-07-31,3.22941176470588,2.00834655434587,9.1,NA,28.1,2020-09-07,NA,7,"1012710","ESQUIMALT+HARBOUR",1994,2026
"ISI","08-01",2001-08-01,3.24117647058824,1.41069965953486,7.4,NA,28.1,2020-09-07,NA,8,"1012710","ESQUIMALT+HARBOUR",1994,2026
"ISI","08-02",2001-08-02,2.75882352941176,1.70589376263933,7.6,NA,28.1,2020-09-07,NA,8,"1012710","ESQUIMALT+HARBOUR",1994,2026
"ISI","08-03",2001-08-03,2.82941176470588,2.68043016740838,12.5,NA,28.1,2020-09-07,NA,8,"1012710","ESQUIMALT+HARBOUR",1994,2026
"ISI","08-04",2001-08-04,2.23529411764706,0.942696383035511,6.2,NA,28.1,2020-09-07,NA,8,"1012710","ESQUIMALT+HARBOUR",1994,2026
"ISI","08-05",2001-08-05,3.70588235294118,2.93011744394216,12.1,NA,28.1,2020-09-07,NA,8,"1012710","ESQUIMALT+HARBOUR",1994,2026
"ISI","08-06",2001-08-06,2.02941176470588,1.24185582188632,10.6,NA,28.1,2020-09-07,NA,8,"1012710","ESQUIMALT+HARBOUR",1994,2026
"ISI","08-07",2001-08-07,2.02352941176471,1.3079226906457,4.8,NA,28.1,2020-09-07,NA,8,"1012710","ESQUIMALT+HARBOUR",1994,2026
"ISI","08-08",2001-08-08,2.2,1.29325171563776,4.8,NA,28.1,2020-09-07,NA,8,"1012710","ESQUIMALT+HARBOUR",1994,2026
"ISI","08-09",2001-08-09,2.57647058823529,1.74482427903382,7.2,NA,28.1,2020-09-07,NA,8,"1012710","ESQUIMALT+HARBOUR",1994,2026
"ISI","08-10",2001-08-10,1.98235294117647,1.02422854756498,4.9,NA,28.1,2020-09-07,NA,8,"1012710","ESQUIMALT+HARBOUR",1994,2026
"ISI","08-11",2001-08-11,2.47647058823529,0.98775592365011,5.1,NA,28.1,2020-09-07,NA,8,"1012710","ESQUIMALT+HARBOUR",1994,2026
"ISI","08-12",2001-08-12,2.50588235294118,1.8905920330135,8.8,NA,28.1,2020-09-07,NA,8,"1012710","ESQUIMALT+HARBOUR",1994,2026
"ISI","08-13",2001-08-13,2.30588235294118,1.22905989898545,5,NA,28.1,2020-09-07,NA,8,"1012710","ESQUIMALT+HARBOUR",1994,2026
"ISI","08-14",2001-08-14,2.24705882352941,1.20733055077039,7.5,NA,28.1,2020-09-07,NA,8,"1012710","ESQUIMALT+HARBOUR",1994,2026
"ISI","08-15",2001-08-15,2.91176470588235,2.04965922562178,7.9,NA,28.1,2020-09-07,NA,8,"1012710","ESQUIMALT+HARBOUR",1994,2026
"ISI","08-16",2001-08-16,2.52941176470588,1.74526670808588,7.6,NA,28.1,2020-09-07,NA,8,"1012710","ESQUIMALT+HARBOUR",1994,2026
"ISI","08-17",2001-08-17,2.84117647058824,1.79932585414976,6.9,NA,28.1,2020-09-07,NA,8,"1012710","ESQUIMALT+HARBOUR",1994,2026
"ISI","08-18",2001-08-18,3.20588235294118,2.44603520728834,8.4,NA,28.1,2020-09-07,NA,8,"1012710","ESQUIMALT+HARBOUR",1994,2026
"ISI","08-19",2001-08-19,3.11176470588235,2.6542141852489,10.1,NA,28.1,2020-09-07,NA,8,"1012710","ESQUIMALT+HARBOUR",1994,2026
"ISI","08-20",2001-08-20,1.91176470588235,0.998049568496711,3.9,NA,28.1,2020-09-07,NA,8,"1012710","ESQUIMALT+HARBOUR",1994,2026
"ISI","08-21",2001-08-21,3.34117647058823,3.4104726255186,15.2,NA,28.1,2020-09-07,NA,8,"1012710","ESQUIMALT+HARBOUR",1994,2026
"ISI","08-22",2001-08-22,2.3,2.21105178591547,9.4,NA,28.1,2020-09-07,NA,8,"1012710","ESQUIMALT+HARBOUR",1994,2026
"ISI","08-23",2001-08-23,2.61764705882353,2.23557467279603,7.8,NA,28.1,2020-09-07,NA,8,"1012710","ESQUIMALT+HARBOUR",1994,2026
"ISI","08-24",2001-08-24,2.38823529411765,1.50369642587075,5.2,NA,28.1,2020-09-07,NA,8,"1012710","ESQUIMALT+HARBOUR",1994,2026
"ISI","08-25",2001-08-25,2.30588235294118,1.44155757266025,6.4,NA,28.1,2020-09-07,NA,8,"1012710","ESQUIMALT+HARBOUR",1994,2026
"ISI","08-26",2001-08-26,2.64117647058824,2.80202132922142,12.5,NA,28.1,2020-09-07,NA,8,"1012710","ESQUIMALT+HARBOUR",1994,2026
"ISI","08-27",2001-08-27,2.68823529411765,2.46674946866853,11.1,NA,28.1,2020-09-07,NA,8,"1012710","ESQUIMALT+HARBOUR",1994,2026
"ISI","08-28",2001-08-28,1.90588235294118,1.253729729764,4.6,NA,28.1,2020-09-07,NA,8,"1012710","ESQUIMALT+HARBOUR",1994,2026
"ISI","08-29",2001-08-29,2.48235294117647,2.53382993068735,11.2,NA,28.1,2020-09-07,NA,8,"1012710","ESQUIMALT+HARBOUR",1994,2026
"ISI","08-30",2001-08-30,1.78235294117647,1.0590298001695,10.2,NA,28.1,2020-09-07,NA,8,"1012710","ESQUIMALT+HARBOUR",1994,2026
"ISI","08-31",2001-08-31,1.88823529411765,1.78496580952591,5.4,NA,28.1,2020-09-07,NA,8,"1012710","ESQUIMALT+HARBOUR",1994,2026
"ISI","09-01",2001-09-01,2,1.64582805906328,5.4,NA,28.1,2020-09-07,NA,9,"1012710","ESQUIMALT+HARBOUR",1994,2026
"ISI","09-02",2001-09-02,1.92352941176471,1.59198359435827,6.5,NA,28.1,2020-09-07,NA,9,"1012710","ESQUIMALT+HARBOUR",1994,2026
"ISI","09-03",2001-09-03,1.44117647058824,1.05597042070873,3.8,NA,28.1,2020-09-07,NA,9,"1012710","ESQUIMALT+HARBOUR",1994,2026
"ISI","09-04",2001-09-04,1.69411764705882,1.44718286173314,5.8,NA,28.1,2020-09-07,NA,9,"1012710","ESQUIMALT+HARBOUR",1994,2026
"ISI","09-05",2001-09-05,1.9,1.21757956618859,6.1,NA,28.1,2020-09-07,NA,9,"1012710","ESQUIMALT+HARBOUR",1994,2026
"ISI","09-06",2001-09-06,1.53529411764706,1.15539018110257,3.7,NA,28.1,2020-09-07,NA,9,"1012710","ESQUIMALT+HARBOUR",1994,2026
"ISI","09-07",2001-09-07,3,6.54503628714158,28.1,NA,28.1,2020-09-07,NA,9,"1012710","ESQUIMALT+HARBOUR",1994,2026
"ISI","09-08",2001-09-08,2.01764705882353,2.46354300097381,10.5,NA,28.1,2020-09-07,NA,9,"1012710","ESQUIMALT+HARBOUR",1994,2026
"ISI","09-09",2001-09-09,1.92352941176471,2.10223970200971,14.6,NA,28.1,2020-09-07,NA,9,"1012710","ESQUIMALT+HARBOUR",1994,2026
"ISI","09-10",2001-09-10,2.88823529411765,4.20132157078894,16.7,NA,28.1,2020-09-07,NA,9,"1012710","ESQUIMALT+HARBOUR",1994,2026
"ISI","09-11",2001-09-11,2.81176470588235,2.85807679063675,9.5,NA,28.1,2020-09-07,NA,9,"1012710","ESQUIMALT+HARBOUR",1994,2026
"ISI","09-12",2001-09-12,2.64117647058824,2.07817793497375,8.3,NA,28.1,2020-09-07,NA,9,"1012710","ESQUIMALT+HARBOUR",1994,2026
"ISI","09-13",2001-09-13,3.13529411764706,4.19164961209644,15.6,NA,28.1,2020-09-07,NA,9,"1012710","ESQUIMALT+HARBOUR",1994,2026
"ISI","09-14",2001-09-14,1.51176470588235,1.24342387832005,3.7,NA,28.1,2020-09-07,NA,9,"1012710","ESQUIMALT+HARBOUR",1994,2026
"ISI","09-15",2001-09-15,1.22352941176471,1.03894743115611,3.6,NA,28.1,2020-09-07,NA,9,"1012710","ESQUIMALT+HARBOUR",1994,2026
"ISI","09-16",2001-09-16,1.42352941176471,1.33815610625438,15.5,NA,28.1,2020-09-07,NA,9,"1012710","ESQUIMALT+HARBOUR",1994,2026
"ISI","09-17",2001-09-17,1.11764705882353,0.884049838893181,2.7,NA,28.1,2020-09-07,NA,9,"1012710","ESQUIMALT+HARBOUR",1994,2026
"ISI","09-18",2001-09-18,1.21764705882353,1.34128450287292,6.4,NA,28.1,2020-09-07,NA,9,"1012710","ESQUIMALT+HARBOUR",1994,2026
"ISI","09-19",2001-09-19,1.18823529411765,0.909589435501793,6.1,NA,28.1,2020-09-07,NA,9,"1012710","ESQUIMALT+HARBOUR",1994,2026
"ISI","09-20",2001-09-20,1.81764705882353,1.43493697340582,15.3,NA,28.1,2020-09-07,NA,9,"1012710","ESQUIMALT+HARBOUR",1994,2026
"ISI","09-21",2001-09-21,1.9,2.4096161520043,10.8,NA,28.1,2020-09-07,NA,9,"1012710","ESQUIMALT+HARBOUR",1994,2026
"ISI","09-22",2001-09-22,1.75294117647059,2.04270581798347,8.6,NA,28.1,2020-09-07,NA,9,"1012710","ESQUIMALT+HARBOUR",1994,2026
"ISI","09-23",2001-09-23,1.57647058823529,1.4826198989309,4.8,NA,28.1,2020-09-07,NA,9,"1012710","ESQUIMALT+HARBOUR",1994,2026
"ISI","09-24",2001-09-24,1.37647058823529,1.45925041192589,5.6,NA,28.1,2020-09-07,NA,9,"1012710","ESQUIMALT+HARBOUR",1994,2026
"ISI","09-25",2001-09-25,0.970588235294117,1.04029124881109,3.1,NA,28.1,2020-09-07,NA,9,"1012710","ESQUIMALT+HARBOUR",1994,2026
"ISI","09-26",2001-09-26,0.852941176470588,0.784313112744859,2.5,NA,28.1,2020-09-07,NA,9,"1012710","ESQUIMALT+HARBOUR",1994,2026
"ISI","09-27",2001-09-27,1.3,1.54231968151872,6.4,NA,28.1,2020-09-07,NA,9,"1012710","ESQUIMALT+HARBOUR",1994,2026
"ISI","09-28",2001-09-28,1.67647058823529,1.84950311292138,8,NA,28.1,2020-09-07,NA,9,"1012710","ESQUIMALT+HARBOUR",1994,2026
"ISI","09-29",2001-09-29,2.43529411764706,3.62524847018632,15.8,NA,28.1,2020-09-07,NA,9,"1012710","ESQUIMALT+HARBOUR",1994,2026
"ISI","09-30",2001-09-30,1.84705882352941,1.61133393771233,7,NA,28.1,2020-09-07,NA,9,"1012710","ESQUIMALT+HARBOUR",1994,2026
"ISI","10-01",2001-10-01,1.83125,1.65235942417704,6.1,NA,28.1,2020-09-07,NA,10,"1012710","ESQUIMALT+HARBOUR",1994,2026
"ISI","10-02",2001-10-02,1.6625,1.10325276644415,6.3,NA,28.1,2020-09-07,NA,10,"1012710","ESQUIMALT+HARBOUR",1994,2026
"ISI","10-03",2001-10-03,1.71176470588235,1.53862046690419,4.8,NA,28.1,2020-09-07,NA,10,"1012710","ESQUIMALT+HARBOUR",1994,2026
"ISI","10-04",2001-10-04,1.99411764705882,2.24317592606869,7.6,NA,28.1,2020-09-07,NA,10,"1012710","ESQUIMALT+HARBOUR",1994,2026
"ISI","10-05",2001-10-05,1.95882352941176,2.27844761392747,8.8,NA,28.1,2020-09-07,NA,10,"1012710","ESQUIMALT+HARBOUR",1994,2026
"ISI","10-06",2001-10-06,1.37647058823529,1.46310005286921,5.4,NA,28.1,2020-09-07,NA,10,"1012710","ESQUIMALT+HARBOUR",1994,2026
"ISI","10-07",2001-10-07,1.04117647058824,0.917918040683243,3,NA,28.1,2020-09-07,NA,10,"1012710","ESQUIMALT+HARBOUR",1994,2026
"ISI","10-08",2001-10-08,0.875,1.23369364106329,4.9,NA,28.1,2020-09-07,NA,10,"1012710","ESQUIMALT+HARBOUR",1994,2026
"ISI","10-09",2001-10-09,0.75625,0.696628786848969,2.2,NA,28.1,2020-09-07,NA,10,"1012710","ESQUIMALT+HARBOUR",1994,2026
"ISI","10-10",2001-10-10,1.10588235294118,1.57697122208813,6.7,NA,28.1,2020-09-07,NA,10,"1012710","ESQUIMALT+HARBOUR",1994,2026
"ISI","10-11",2001-10-11,1.07647058823529,1.11609218468094,3.7,NA,28.1,2020-09-07,NA,10,"1012710","ESQUIMALT+HARBOUR",1994,2026
"ISI","10-12",2001-10-12,0.770588235294118,0.92855041993041,2.9,NA,28.1,2020-09-07,NA,10,"1012710","ESQUIMALT+HARBOUR",1994,2026
"ISI","10-13",2001-10-13,0.452941176470588,0.63651163290511,2.2,NA,28.1,2020-09-07,NA,10,"1012710","ESQUIMALT+HARBOUR",1994,2026
"ISI","10-14",2001-10-14,0.835294117647059,0.919198819944975,3.2,NA,28.1,2020-09-07,NA,10,"1012710","ESQUIMALT+HARBOUR",1994,2026
"ISI","10-15",2001-10-15,1.05882352941176,1.29328014343829,10.9,NA,28.1,2020-09-07,NA,10,"1012710","ESQUIMALT+HARBOUR",1994,2026
"ISI","10-16",2001-10-16,1.42352941176471,1.90805182442875,10.7,NA,28.1,2020-09-07,NA,10,"1012710","ESQUIMALT+HARBOUR",1994,2026
"ISI","10-17",2001-10-17,1.27647058823529,1.24976468373285,4.6,NA,28.1,2020-09-07,NA,10,"1012710","ESQUIMALT+HARBOUR",1994,2026
"ISI","10-18",2001-10-18,1.13529411764706,1.34114744550636,5.2,NA,28.1,2020-09-07,NA,10,"1012710","ESQUIMALT+HARBOUR",1994,2026
"ISI","10-19",2001-10-19,1.14705882352941,1.04170392090245,3.9,NA,28.1,2020-09-07,NA,10,"1012710","ESQUIMALT+HARBOUR",1994,2026
"ISI","10-20",2001-10-20,1.10588235294118,0.916835991491454,3,NA,28.1,2020-09-07,NA,10,"1012710","ESQUIMALT+HARBOUR",1994,2026
"ISI","10-21",2001-10-21,0.911764705882353,0.835824707206284,3,NA,28.1,2020-09-07,NA,10,"1012710","ESQUIMALT+HARBOUR",1994,2026
"ISI","10-22",2001-10-22,0.858823529411765,0.65675225877934,1.7,NA,28.1,2020-09-07,NA,10,"1012710","ESQUIMALT+HARBOUR",1994,2026
"ISI","10-23",2001-10-23,0.664705882352941,0.540764709081718,3.9,NA,28.1,2020-09-07,NA,10,"1012710","ESQUIMALT+HARBOUR",1994,2026
"ISI","10-24",2001-10-24,1.08235294117647,0.633675088390777,2.2,NA,28.1,2020-09-07,NA,10,"1012710","ESQUIMALT+HARBOUR",1994,2026
"ISI","10-25",2001-10-25,1.51176470588235,1.39860750075798,4.5,NA,28.1,2020-09-07,NA,10,"1012710","ESQUIMALT+HARBOUR",1994,2026
"ISI","10-26",2001-10-26,1.02941176470588,1.19308670361921,3.8,NA,28.1,2020-09-07,NA,10,"1012710","ESQUIMALT+HARBOUR",1994,2026
"ISI","10-27",2001-10-27,1.49411764705882,1.70604461702914,6.9,NA,28.1,2020-09-07,NA,10,"1012710","ESQUIMALT+HARBOUR",1994,2026
"ISI","10-28",2001-10-28,1.23529411764706,1.80483419476367,6.9,NA,28.1,2020-09-07,NA,10,"1012710","ESQUIMALT+HARBOUR",1994,2026
"ISI","10-29",2001-10-29,1.19411764705882,1.74014029184262,5.6,NA,28.1,2020-09-07,NA,10,"1012710","ESQUIMALT+HARBOUR",1994,2026
"ISI","10-30",2001-10-30,2.11764705882353,2.82671083021364,10.8,NA,28.1,2020-09-07,NA,10,"1012710","ESQUIMALT+HARBOUR",1994,2026
"ISI","10-31",2001-10-31,1.09411764705882,1.52580740439091,5.6,NA,28.1,2020-09-07,NA,10,"1012710","ESQUIMALT+HARBOUR",1994,2026
